2001	-0.6079
2002	-0.6461
2003	-0.4927
2004	-0.3338
2005	-0.4391
2006	-0.5771
2007	-0.6528
2008	-0.9811
2009	-0.176
2010	-0.1321
2011	-0.532
2012	-0.4576
2013	-0.7341
2014	-0.2471
2015	-0.07854
2016	-0.2023
2017	-0.5064
2018	-0.7825
2019	-0.3839
2020	-0.7631
2021	-0.3076
2022	-0.681
2023	-0.6909
2024	-0.271
2025	-0.34
2026	-0.391
2027	-0.6502
2028	-0.5718
2029	-0.7476
2030	-0.7562
2031	-0.6209
2032	-0.1805
2033	-0.7221
2034	-0.6888
2035	-0.2471
2036	-0.5508
2037	-0.4809
2038	-0.6083
2039	-0.4855
2040	-0.3658
2041	-0.3908
2042	-0.3456
2043	-0.4091
2044	-0.1229
2045	-0.3411
2046	-0.2185
2047	-0.164
2048	-0.3564
2049	-0.6232
2050	-0.5793
2051	-0.1816
2052	0.06232
2053	-1.041
2054	-0.6711
2055	-0.5205
2056	-0.4358
2057	-0.5974
2058	-0.2832
2059	-0.5118
2060	-0.25
2061	-0.6033
2062	0.05601
2063	0.0425
2064	9.582E-4
2065	-0.4096
2066	-0.2917
2067	-0.3748
2068	-0.3281
2069	-0.3144
2070	-0.4771
2071	-0.4749
2072	-0.08792
2073	-0.844
2074	-0.7607
2075	-0.477
2076	-0.5972
2077	-0.8171
2078	-0.7538
2079	-0.4095
2080	-0.7999
2081	-0.4942
2082	-0.4125
2083	-0.5006
2084	-0.5244
2085	-0.5863
2086	-0.6905
2087	-0.8562
2088	-0.3169
2089	-0.6094
2090	-0.4415
2091	-0.404
2092	-0.51
2093	-0.303
2094	-0.9238
2095	-0.6224
2096	-0.1994
2097	-0.1994
2098	-0.3257
2099	-0.3789
2100	-0.2547
2101	-0.2724
2102	-0.09656
2103	-0.415
2104	-0.6093
2105	-0.4377
2106	-0.3284
2107	-0.2614
2108	-0.1457
2109	-0.6404
2110	-0.1615
2111	-0.8039
2112	-0.3307
2113	-0.487
2114	-0.5188
2115	-0.5803
2116	-0.2643
2117	-0.4305
2118	-0.5332
2119	-0.5037
2120	-0.6091
2121	-0.3949
2122	-0.191
2123	-0.3135
2124	-0.4731
2125	-0.5495
2126	-0.2233
2127	-0.2599
2128	-0.337
2129	-0.3371
2130	0.2242
2131	0.1085
2132	-0.3591
2133	-0.417
2134	-0.287
2135	-0.2283
2136	-0.3901
2137	-0.4509
2138	-0.5031
2139	-0.9297
2140	-0.1382
2141	-0.4804
2142	-0.2259
2143	-0.6223
2144	-0.3403
2145	-0.1016
2146	-0.3873
2147	-0.2402
2148	-0.497
2149	-0.5987
2150	-0.3244
2151	-0.7202
2152	-0.8722
2153	-0.3793
2154	-0.5727
2155	-0.3368
2156	-0.3235
2157	-0.3859
2158	-0.3681
2159	-0.6027
2160	-0.2919
2161	0.05607
2162	-0.4592
2163	-0.2801
2164	-0.5284
2165	-0.4293
2166	-0.7913
2167	-0.2769
2168	-0.1893
2169	-0.1807
2170	-0.4386
2171	-0.3211
2172	-0.1554
2173	-0.09548
2174	-0.5029
2175	-0.3994
2176	-0.3492
2177	-0.505
2178	-0.2856
2179	-0.007823
2180	-0.2358
2181	-0.3205
2182	-0.7187
2183	-0.5084
2184	-0.5703
2185	-0.588
2186	-0.5051
2187	-0.5108
2188	0.1139
2189	-0.5345
2190	-0.5163
2191	-0.4142
2192	-0.5416
2193	-0.804
2194	-0.7542
2195	-0.3287
2196	-0.6873
2197	-0.5078
2198	-0.5009
2199	-0.6337
2200	-0.4214
2201	-0.1455
2202	-0.7051
2203	-0.3981
2204	-0.5342
2205	-0.3026
2206	-0.5301
2207	-0.4742
2208	-0.3608
2209	-0.5537
2210	-0.3842
2211	-0.2151
2212	-0.4891
2213	-0.1723
2214	-0.3307
2215	-0.187
2216	-0.686
2217	-0.598
2218	-0.08956
2219	-0.4885
2220	-0.5292
2221	-0.2581
2222	-0.5636
2223	-0.754
2224	-0.4586
2225	-0.4561
2226	-0.1793
2227	-0.1037
2228	-0.2697
2229	-0.3144
2230	-0.2743
2231	-0.2803
2232	-0.7499
2233	-0.6787
2234	-0.83
2235	-0.801
2236	-0.9886
2237	-0.398
2238	-0.5565
2239	-0.2186
2240	-0.2534
2241	-0.2213
2242	-0.8071
2243	-0.6673
2244	-0.4571
2245	-0.8441
2246	-0.7276
2247	-0.575
2248	-0.3349
2249	-0.3105
2250	-0.07946
2251	-0.4147
2252	-0.5137
2253	-0.2512
2254	-0.2407
2255	-0.2613
2256	-0.7349
2257	-0.6353
2258	-0.4331
2259	-0.2459
2260	-0.7047
2261	-0.4136
2262	-0.3235
2263	-0.008943
2264	-0.1652
2265	-0.3833
2266	-0.4468
2267	-0.3275
2268	-0.6204
2269	-0.5133
2270	-0.672
2271	-0.8617
2272	-0.2355
2273	-0.22
2274	-0.3513
2275	-0.5095
2276	-0.1988
2277	-0.2747
2278	-0.794
2279	-0.6235
2280	-0.2916
2281	-0.4079
2282	-0.133
2283	-0.09251
2284	-0.2319
2285	-0.5809
2286	-0.6514
2287	-0.6178
2288	-0.7004
2289	-0.7891
2290	-0.05405
2291	-0.6472
2292	-0.8449
2293	-0.4008
2294	-0.3091
2295	-0.07664
2296	-0.4001
2297	-0.4761
2298	-0.4384
2299	-0.202
2300	-0.3428
2301	-0.798
2302	-0.5719
2303	-0.3977
2304	-0.3827
2305	-0.6452
2306	-0.1275
2307	-0.4766
2308	-0.558
2309	-0.6021
2310	-0.2086
2311	-0.1529
2312	-0.1784
2313	-0.2145
2314	-0.2225
2315	-0.4579
2316	-0.2586
2317	-0.4602
2318	-0.4286
2319	-0.3376
2320	-0.6718
2321	-0.2843
2322	-0.4957
2323	-0.2412
2324	-0.2393
2325	-0.4105
2326	-0.6653
2327	-0.4035
2328	-0.5145
2329	-0.05204
2330	-0.334
2331	-0.2462
2332	-0.3879
2333	-0.3197
2334	-0.009317
2335	-0.5325
2336	-0.4028
2337	-0.5195
2338	-0.6758
2339	-0.7286
2340	-0.2076
2341	-0.3111
2342	-0.5897
2343	-0.5897
2344	-0.6386
2345	0.08357
2346	-0.2013
2347	-0.09336
2348	-0.2013
2349	-0.2265
2350	-0.3528
2351	-0.3818
2352	0.1918
2353	-0.006259
2354	-0.3834
2355	-0.5853
2356	-0.5853
2357	-0.277
2358	-0.599
2359	-0.2942
2360	-0.597
2361	-0.597
2362	-0.5077
2363	-0.4622
2364	-0.05937
2365	-0.3963
2366	-0.2879
2367	-0.2405
2368	-0.233
2369	-0.5638
2370	-0.3303
2371	-0.4244
2372	-0.8304
2373	-0.5129
2374	-0.1942
2375	-0.4741
2376	-0.5052
2377	-0.4269
2378	-0.4948
2379	-0.5949
2380	-0.3124
2381	-0.1119
2382	-0.1601
2383	-0.3808
2384	-0.3838
2385	-0.873
2386	-0.5433
2387	-0.6527
2388	-0.3984
2389	0.07208
2390	-0.2964
2391	-0.2964
2392	-0.3989
2393	-0.05963
2394	-0.1452
2395	-0.1452
2396	-0.2875
2397	-0.443
2398	-0.4031
2399	-0.5284
2400	-0.4927
2401	-0.4527
2402	-0.6976
2403	-0.361
2404	-0.3443
2405	-0.4502
2406	-0.5155
2407	-0.3008
2408	-0.5971
2409	-0.374
2410	-0.475
2411	-0.4799
2412	-0.4678
2413	-0.8621
2414	-0.677
2415	-0.3344
2416	-0.4175
2417	-0.3516
2418	-0.2848
2419	-0.5177
2420	-0.5177
2421	-0.1634
2422	-0.3394
2423	-0.3348
2424	-0.318
2425	-0.03744
2426	-0.4075
2427	-0.4712
2428	-0.2915
2429	-0.4483
2430	-0.2174
2431	-0.5088
2432	-0.2815
2433	-0.1348
2434	-1.14
2435	-0.7525
2436	-0.1035
2437	-0.339
2438	-0.4473
2439	-0.2873
2440	-0.6543
2441	-0.6906
2442	-0.3325
2443	-0.4506
2444	-0.2579
2445	-0.1268
2446	-0.3991
2447	-0.238
2448	0.2806
2449	0.3558
2450	-0.8476
2451	0.07122
2452	-0.5556
2453	-0.5188
2454	-0.6207
2455	-0.4084
2456	-0.4324
2457	-0.3676
2458	-0.1477
2459	-0.3132
2460	-0.5574
2461	-0.5727
2462	-0.1961
2463	-0.5414
2464	-0.6155
2465	-0.5748
2466	-0.6331
2467	-0.469
2468	0.07896
2469	-0.3704
2470	-0.4354
2471	-0.5884
2472	-0.5951
2473	-0.5951
2474	-0.552
2475	-0.6051
2476	-0.78
2477	-0.6948
2478	-0.3652
2479	-0.8429
2480	-0.1295
2481	-0.4369
2482	-0.5836
2483	-0.6862
2484	-0.6402
2485	-0.369
2486	-0.5715
2487	-0.5547
2488	0.02714
2489	-0.5483
2490	-0.379
2491	-0.379
2492	-0.4059
2493	-0.1821
2494	-0.2058
2495	-0.3557
2496	-0.6974
2497	-0.5816
2498	-0.3439
2499	-0.3808
2500	-0.7618
2501	-0.5064
2502	-0.3979
2503	-0.3979
2504	-0.4168
2505	-0.3007
2506	-0.3541
2507	-0.4965
2508	-0.7262
2509	-0.2643
2510	-0.2318
2511	-0.2749
2512	-0.5735
2513	-0.9621
2514	-0.845
2515	-0.5624
2516	-1.195
2517	-0.8531
2518	-0.5555
2519	-0.3722
2520	-0.688
2521	-0.803
2522	-0.6758
2523	-0.3737
2524	-0.8895
2525	-0.4689
2526	-0.8805
2527	-0.678
2528	-0.4314
2529	-0.8037
2530	-0.3321
2531	-0.5594
2532	-0.8587
2533	-0.5562
2534	-0.323
2535	-0.1261
2536	-0.2109
2537	-0.9905
2538	-0.9509
2539	-0.7037
2540	-0.4517
2541	-0.6613
2542	-0.5365
2543	-0.3676
2544	-0.5956
2545	-0.3475
2546	-0.3475
2547	-0.2811
2548	-0.4694
2549	-0.1353
2550	-0.3506
2551	-0.3996
2552	-0.6062
2553	-0.5232
2554	-0.5232
2555	-0.5801
2556	-0.5141
2557	-0.4984
2558	-0.6927
2559	-0.5426
2560	-0.2113
2561	-0.3748
2562	-0.4831
2563	-0.4881
2564	-0.7281
2565	-0.4423
2566	-0.4442
2567	-0.4713
2568	-0.2215
2569	-0.3975
2570	-0.2073
2571	-0.8074
2572	-0.646
2573	-0.5268
2574	-0.1315
2575	-0.1315
2576	-0.3303
2577	-0.3037
2578	-0.005605
2579	-0.2917
2580	-0.8117
2581	-0.2852
2582	-0.1299
2583	-0.1299
2584	-0.5059
2585	-0.4293
2586	-0.4471
2587	-0.5625
2588	-0.35
2589	-0.7051
2590	-0.594
2591	-0.7097
2592	-0.9417
2593	-0.7813
2594	0.08196
2595	-0.5993
2596	-0.4754
2597	-0.4769
2598	-0.2326
2599	-0.4933
2600	-0.2825
2601	-0.3272
2602	-0.2841
2603	-0.2841
2604	-0.5872
2605	-0.3692
2606	-0.06499
2607	-0.3995
2608	-0.8762
2609	-0.5689
2610	-0.707
2611	-0.6122
2612	-0.7067
2613	-0.2554
2614	-0.3321
2615	-0.4955
2616	-0.06753
2617	0.006016
2618	-0.1952
2619	-0.3358
2620	-0.3461
2621	-0.3114
2622	-0.2186
2623	-0.278
2624	-0.707
2625	-0.4067
2626	-0.3338
2627	-0.5783
2628	-0.571
2629	-0.5971
2630	-0.7055
2631	-0.6063
2632	-0.6562
2633	-0.649
2634	-0.7409
2635	-0.5536
2636	-0.8206
2637	-0.5904
2638	-0.6754
2639	-0.2924
2640	-0.1766
2641	-0.3233
2642	-0.402
2643	-0.4976
2644	-0.4545
2645	-0.4545
2646	-0.4341
2647	-0.2684
2648	-0.6392
2649	-0.1025
2650	-0.8013
2651	-0.5012
2652	-0.3758
2653	-0.1959
2654	-0.5477
2655	-0.8717
2656	-0.3333
2657	-0.6254
2658	-0.6239
2659	-0.3486
2660	-0.6861
2661	-0.5968
2662	-0.6096
2663	-0.5453
2664	-0.6215
2665	-0.6343
2666	-0.951
2667	-0.6134
2668	-0.4285
2669	-0.3399
2670	-0.3066
2671	-0.04381
2672	-0.412
2673	-0.5529
2674	-0.5709
2675	-0.3029
2676	-0.623
2677	-0.8287
2678	-0.6106
2679	-0.5433
2680	-0.3426
2681	-0.4502
2682	-0.5251
2683	-0.1905
2684	-0.5647
2685	-0.8416
2686	-0.3924
2687	-0.3615
2688	-0.1282
2689	-0.6581
2690	-0.5556
2691	-0.4847
2692	-0.4847
2693	0.1157
2694	-0.5815
2695	-0.588
2696	-0.7163
2697	-0.6263
2698	-0.4678
2699	-0.5034
2700	-0.6881
2701	-0.4113
2702	-0.7444
2703	-0.1396
2704	-0.384
2705	-0.5452
2706	-0.2993
2707	-0.2993
2708	-0.3292
2709	-0.3825
2710	-0.6312
2711	-0.7517
2712	-0.4833
2713	-0.3336
2714	-0.3889
2715	-0.2333
2716	-0.4551
2717	-0.6443
2718	-0.5274
2719	-0.5888
2720	-0.5666
2721	-0.5197
2722	-0.6045
2723	-0.5422
2724	-0.3951
2725	-0.1712
2726	-0.5297
2727	-0.05861
2728	-0.4463
2729	-0.5537
2730	-0.8097
2731	-0.4429
2732	-0.6217
2733	-0.2411
2734	-0.4315
2735	-0.6692
2736	-0.5552
2737	-0.682
2738	-0.8414
2739	-0.3172
2740	-0.5808
2741	-0.4695
2742	-0.7187
2743	-0.6742
2744	-0.4196
2745	-0.2828
2746	-0.5895
2747	-0.4021
2748	-0.3322
2749	-0.3018
2750	-0.3878
2751	-0.46
2752	-0.346
2753	-0.6213
2754	-0.5618
2755	-0.4012
2756	-0.4367
2757	-0.134
2758	-0.1207
2759	-0.4741
2760	-0.39
2761	-0.4698
2762	-0.4687
2763	-0.6644
2764	-0.8571
2765	-0.48
2766	-0.3635
2767	-0.2963
2768	-0.1681
2769	-0.2593
2770	-0.5965
2771	-0.6179
2772	-0.6613
2773	-0.3859
2774	-0.3893
2775	-0.2099
2776	-0.4989
2777	-0.2751
2778	-0.2257
2779	-0.4415
2780	-0.3556
2781	-0.4329
2782	-0.2241
2783	-0.2592
2784	-0.2495
2785	-0.5699
2786	-0.3952
2787	-0.5908
2788	-0.7681
2789	-0.8043
2790	-0.578
2791	-0.6393
2792	-0.3206
2793	-0.6914
2794	-0.4753
2795	-0.5063
2796	-0.5063
2797	-0.8045
2798	-0.6457
2799	-0.6682
2800	-0.007175
2801	-0.4501
2802	-0.6586
2803	-0.5169
2804	-0.1214
2805	-0.4166
2806	-0.7794
2807	-0.8729
2808	-0.4445
2809	-0.2252
2810	-0.3564
2811	-0.8453
2812	-0.6012
2813	-0.5811
2814	-0.5272
2815	-0.518
2816	-0.2489
2817	-0.601
2818	-0.2006
2819	-0.5687
2820	-0.3727
2821	0.01114
2822	-0.393
2823	-0.5414
2824	-0.6923
2825	-0.6397
2826	-0.6397
2827	-0.1058
2828	-0.4151
2829	-0.1304
2830	-0.2463
2831	-0.2538
2832	-0.3759
2833	-0.2487
2834	-0.4378
2835	-0.5135
2836	-0.689
2837	-1.019
2838	-0.8558
2839	-0.7007
2840	-0.2656
2841	-0.5632
2842	-0.5235
2843	-0.1689
2844	-0.1689
2845	-0.1689
2846	-0.203
2847	-0.2548
2848	-0.232
2849	-0.232
2850	-0.232
2851	-0.3525
2852	-0.2826
2853	-0.5623
2854	-0.6652
2855	-0.1605
2856	-0.7581
2857	-0.4805
2858	-0.3958
2859	-0.2587
2860	-0.4753
2861	-0.3232
2862	-0.7644
2863	-0.6678
2864	-0.5151
2865	-0.4135
2866	-0.3944
2867	0.005054
2868	-0.2461
2869	0.02279
2870	-0.3942
2871	-0.2637
2872	-0.5041
2873	-0.3317
2874	-0.2768
2875	-0.2456
2876	-0.6422
2877	-0.2772
2878	-0.4399
2879	-0.548
2880	-0.5038
2881	-0.7073
2882	-0.04574
2883	-0.1683
2884	-0.5972
2885	-0.5369
2886	-0.4944
2887	-0.127
2888	-0.05611
2889	-0.6785
2890	-0.5381
2891	-0.4981
2892	-0.5307
2893	-0.4941
2894	-0.4644
2895	-0.5304
2896	-0.0867
2897	-0.7947
2898	-0.7947
2899	-0.1881
2900	-0.4102
2901	-0.688
2902	-0.4198
2903	-0.5056
2904	-0.5448
2905	-0.5448
2906	-0.6737
2907	-0.4354
2908	-0.4354
2909	-0.2696
2910	-0.3953
2911	-0.7018
2912	-0.6246
2913	-0.6901
2914	-0.7076
2915	-0.5262
2916	-0.3499
2917	-0.3261
2918	-0.6965
2919	-0.3668
2920	-0.38
2921	-0.4114
2922	-0.2352
2923	-0.617
2924	-0.377
2925	-0.04905
2926	-0.3653
2927	-0.3077
2928	-0.5217
2929	-0.4055
2930	-0.2358
2931	-0.3494
2932	-0.2464
2933	-0.5869
2934	-0.5519
2935	-0.3464
2936	-0.1782
2937	-0.4168
2938	-0.0915
2939	-0.0791
2940	-0.102
2941	-0.2786
2942	-0.3659
2943	-0.3579
2944	-0.09708
2945	-0.6918
2946	-0.3277
2947	-0.2893
2948	0.1157
2949	-0.6634
2950	-0.348
2951	-0.4573
2952	-0.4683
2953	-0.4677
2954	-0.4655
2955	-0.01494
2956	-0.08086
2957	-0.3777
2958	-0.2872
2959	-0.2872
2960	-0.7786
2961	-0.5737
2962	-0.5858
2963	-0.1102
2964	-0.2417
2965	-0.03128
2966	-0.3639
2967	-0.6581
2968	-0.2816
2969	-0.3175
2970	-0.4177
2971	-0.5857
2972	-0.2838
2973	-0.8674
2974	-0.4598
2975	-0.2805
2976	-0.09298
2977	-0.5024
2978	-0.7415
2979	-0.2686
2980	-0.1904
2981	-0.7159
2982	-0.6727
2983	-0.6231
2984	-0.8689
2985	-0.724
2986	-0.255
2987	-0.3982
2988	-0.608
2989	-0.5586
2990	-0.5203
2991	-0.549
2992	-0.4031
2993	-0.5734
2994	-0.1356
2995	-0.4164
2996	-0.3526
2997	-0.4702
2998	-0.7881
2999	-0.4149
3000	-0.02
2001	-5.914
2002	-5.551
2003	-5.353
2004	-5.058
2005	-5.191
2006	-5.124
2007	-5.154
2008	-4.96
2009	-5.201
2010	-5.398
2011	-5.537
2012	-5.616
2013	-5.577
2014	-5.577
2015	-5.792
2016	-5.804
2017	-5.796
2018	-5.384
2019	-5.837
2020	-5.975
2021	-6.085
2022	-5.79
2023	-5.79
2024	-5.921
2025	-5.721
2026	-5.663
2027	-5.363
2028	-5.682
2029	-5.83
2030	-6.396
2031	-6.433
2032	-6.393
2033	-5.955
2034	-5.814
2035	-6.333
2036	-6.553
2037	-6.437
2038	-6.21
2039	-6.58
2040	-6.803
2041	-6.24
2042	-6.381
2043	-6.678
2044	-7.24
2045	-7.277
2046	-7.1
2047	-7.252
2048	-7.092
2049	-6.752
2050	-6.824
2051	-6.762
2052	-6.509
2053	-6.264
2054	-6.266
2055	-6.434
2056	-6.017
2057	-5.723
2058	-6.02
2059	-5.99
2060	-6.205
2061	-6.357
2062	-6.618
2063	-7.038
2064	-7.237
2065	-7.237
2066	-7.456
2067	-6.845
2068	-6.516
2069	-6.516
2070	-6.602
2071	-6.134
2072	-6.522
2073	-6.257
2074	-6.467
2075	-6.582
2076	-6.588
2077	-6.701
2078	-6.773
2079	-6.512
2080	-6.318
2081	-6.477
2082	-6.052
2083	-5.753
2084	-5.59
2085	-5.611
2086	-5.844
2087	-5.862
2088	-5.931
2089	-5.956
2090	-5.847
2091	-6.148
2092	-6.256
2093	-6.209
2094	-5.678
2095	-5.883
2096	-5.685
2097	-5.822
2098	-5.608
2099	-5.491
2100	-5.445
2101	-5.424
2102	-6.055
2103	-6.31
2104	-6.076
2105	-5.943
2106	-5.788
2107	-5.874
2108	-6.096
2109	-6.445
2110	-6.49
2111	-6.473
2112	-6.755
2113	-6.693
2114	-6.932
2115	-6.562
2116	-6.565
2117	-6.536
2118	-6.344
2119	-6.329
2120	-6.416
2121	-6.386
2122	-6.588
2123	-6.711
2124	-6.791
2125	-7.047
2126	-6.895
2127	-7.239
2128	-7.145
2129	-7.313
2130	-7.225
2131	-7.323
2132	-7.058
2133	-6.987
2134	-7.075
2135	-6.749
2136	-6.919
2137	-6.444
2138	-6.345
2139	-6.38
2140	-6.17
2141	-6.276
2142	-6.372
2143	-6.072
2144	-6.031
2145	-5.875
2146	-6.324
2147	-6.014
2148	-6.124
2149	-6.156
2150	-6.371
2151	-6.352
2152	-6.007
2153	-6.183
2154	-6.019
2155	-5.94
2156	-6.186
2157	-6.289
2158	-6.109
2159	-6.109
2160	-6.261
2161	-6.406
2162	-6.2
2163	-6.008
2164	-6.243
2165	-6.374
2166	-6.4
2167	-6.545
2168	-6.223
2169	-5.801
2170	-5.956
2171	-6.361
2172	-6.79
2173	-6.572
2174	-6.481
2175	-6.178
2176	-6.113
2177	-6.15
2178	-6.272
2179	-6.198
2180	-6.587
2181	-6.764
2182	-6.334
2183	-6.384
2184	-6.448
2185	-6.538
2186	-6.668
2187	-6.856
2188	-6.482
2189	-6.739
2190	-6.976
2191	-7.185
2192	-6.951
2193	-7.289
2194	-7.217
2195	-7.282
2196	-7.343
2197	-7.236
2198	-6.957
2199	-6.62
2200	-6.537
2201	-6.605
2202	-6.697
2203	-7.006
2204	-7.81
2205	-7.552
2206	-7.524
2207	-7.242
2208	-7.11
2209	-7.008
2210	-7.333
2211	-7.083
2212	-7.578
2213	-7.372
2214	-7.632
2215	-7.293
2216	-7.329
2217	-6.767
2218	-6.847
2219	-6.443
2220	-6.375
2221	-6.393
2222	-6.339
2223	-6.388
2224	-6.323
2225	-6.494
2226	-6.494
2227	-6.518
2228	-6.538
2229	-5.96
2230	-6.184
2231	-6.11
2232	-5.923
2233	-5.869
2234	-5.587
2235	-6.078
2236	-5.835
2237	-6.136
2238	-6.491
2239	-6.98
2240	-6.567
2241	-6.402
2242	-6.218
2243	-5.828
2244	-6.025
2245	-6.037
2246	-5.973
2247	-5.825
2248	-5.504
2249	-5.05
2250	-5.3
2251	-5.715
2252	-5.914
2253	-5.541
2254	-5.748
2255	-5.47
2256	-5.721
2257	-5.664
2258	-5.633
2259	-5.508
2260	-5.406
2261	-5.413
2262	-5.721
2263	-5.888
2264	-5.855
2265	-5.871
2266	-6.012
2267	-5.9
2268	-5.906
2269	-5.857
2270	-5.855
2271	-6.013
2272	-6.034
2273	-6.264
2274	-6.274
2275	-6.544
2276	-6.791
2277	-6.715
2278	-5.953
2279	-6.303
2280	-6.147
2281	-5.869
2282	-6.194
2283	-6.062
2284	-6.749
2285	-6.783
2286	-6.742
2287	-6.794
2288	-6.56
2289	-6.56
2290	-6.874
2291	-6.471
2292	-6.507
2293	-6.951
2294	-6.69
2295	-6.577
2296	-6.934
2297	-6.996
2298	-7.046
2299	-7.297
2300	-7.118
2301	-7.473
2302	-7.335
2303	-7.206
2304	-6.917
2305	-6.73
2306	-7.02
2307	-7.128
2308	-7.143
2309	-6.986
2310	-7.051
2311	-6.704
2312	-6.709
2313	-6.544
2314	-6.644
2315	-6.785
2316	-6.667
2317	-6.588
2318	-6.252
2319	-6.252
2320	-6.489
2321	-6.796
2322	-6.738
2323	-6.737
2324	-6.503
2325	-6.501
2326	-6.305
2327	-6.081
2328	-6.081
2329	-5.984
2330	-6.151
2331	-6.151
2332	-5.93
2333	-5.916
2334	-6.416
2335	-6.355
2336	-5.829
2337	-5.95
2338	-5.834
2339	-5.909
2340	-6.158
2341	-6.125
2342	-6.15
2343	-6.072
2344	-5.883
2345	-6.028
2346	-5.895
2347	-6.079
2348	-6.346
2349	-6.618
2350	-6.378
2351	-6.203
2352	-6.358
2353	-6.569
2354	-6.153
2355	-6.048
2356	-6.263
2357	-6.452
2358	-6.772
2359	-6.772
2360	-6.399
2361	-6.413
2362	-6.541
2363	-6.556
2364	-6.423
2365	-6.238
2366	-6.123
2367	-5.803
2368	-6.046
2369	-6.302
2370	-6.409
2371	-6.106
2372	-6.229
2373	-6.135
2374	-6.047
2375	-5.996
2376	-5.955
2377	-5.988
2378	-5.818
2379	-6.113
2380	-6.295
2381	-6.39
2382	-6.599
2383	-6.374
2384	-6.239
2385	-6.381
2386	-6.701
2387	-6.734
2388	-6.488
2389	-6.385
2390	-5.533
2391	-5.987
2392	-5.987
2393	-5.677
2394	-5.548
2395	-5.843
2396	-5.82
2397	-5.914
2398	-5.826
2399	-5.85
2400	-5.71
2401	-5.81
2402	-5.822
2403	-6.045
2404	-6.157
2405	-6.076
2406	-5.833
2407	-6.236
2408	-6.263
2409	-6.349
2410	-6.349
2411	-6.196
2412	-6.136
2413	-6.116
2414	-6.221
2415	-6.492
2416	-6.492
2417	-6.786
2418	-6.833
2419	-6.865
2420	-6.213
2421	-5.564
2422	-5.481
2423	-5.521
2424	-5.515
2425	-5.808
2426	-5.991
2427	-5.99
2428	-5.848
2429	-5.29
2430	-5.485
2431	-5.336
2432	-5.078
2433	-5.078
2434	-5.223
2435	-5.258
2436	-5.335
2437	-5.52
2438	-5.722
2439	-5.713
2440	-5.696
2441	-5.822
2442	-5.375
2443	-5.904
2444	-5.854
2445	-6.179
2446	-5.865
2447	-6.146
2448	-6.049
2449	-6.294
2450	-6.207
2451	-6.207
2452	-6.075
2453	-5.768
2454	-6.042
2455	-5.49
2456	-5.527
2457	-5.807
2458	-5.857
2459	-5.864
2460	-5.686
2461	-5.579
2462	-5.743
2463	-5.563
2464	-5.598
2465	-5.413
2466	-5.558
2467	-5.961
2468	-5.778
2469	-6.063
2470	-5.914
2471	-5.949
2472	-6.049
2473	-5.927
2474	-6.291
2475	-6.205
2476	-6.525
2477	-6.278
2478	-6.581
2479	-7.21
2480	-7.009
2481	-6.932
2482	-6.707
2483	-6.638
2484	-6.795
2485	-6.613
2486	-6.779
2487	-7.246
2488	-7.085
2489	-7.084
2490	-7.13
2491	-7.461
2492	-7.28
2493	-7.555
2494	-7.305
2495	-7.396
2496	-7.447
2497	-7.551
2498	-7.786
2499	-7.715
2500	-7.489
2501	-6.948
2502	-6.948
2503	-7.051
2504	-7.487
2505	-7.569
2506	-8.356
2507	-8.188
2508	-7.969
2509	-7.859
2510	-7.758
2511	-7.812
2512	-7.652
2513	-7.673
2514	-7.451
2515	-7.169
2516	-6.855
2517	-6.312
2518	-5.879
2519	-5.633
2520	-6.018
2521	-6.16
2522	-6.16
2523	-6.446
2524	-6.367
2525	-6.685
2526	-6.781
2527	-6.898
2528	-7.097
2529	-7.097
2530	-7.057
2531	-6.8
2532	-6.839
2533	-6.877
2534	-6.554
2535	-6.248
2536	-6.015
2537	-6.079
2538	-6.188
2539	-6.733
2540	-6.688
2541	-7.117
2542	-6.762
2543	-6.875
2544	-6.298
2545	-5.96
2546	-5.948
2547	-6.056
2548	-6.286
2549	-6.173
2550	-6.173
2551	-6.173
2552	-6.122
2553	-6.182
2554	-5.912
2555	-6.015
2556	-5.746
2557	-5.706
2558	-5.681
2559	-5.438
2560	-5.451
2561	-5.737
2562	-5.79
2563	-5.661
2564	-6.005
2565	-5.406
2566	-5.4
2567	-5.274
2568	-5.715
2569	-5.386
2570	-5.559
2571	-4.919
2572	-5.3
2573	-5.437
2574	-5.583
2575	-5.815
2576	-6.044
2577	-5.693
2578	-5.716
2579	-5.716
2580	-5.628
2581	-5.39
2582	-5.365
2583	-5.208
2584	-5.369
2585	-5.369
2586	-4.611
2587	-5.054
2588	-5.114
2589	-5.309
2590	-5.273
2591	-5.367
2592	-5.191
2593	-5.328
2594	-5.37
2595	-5.278
2596	-5.568
2597	-5.931
2598	-5.583
2599	-5.745
2600	-5.985
2601	-5.999
2602	-6.405
2603	-6.509
2604	-6.395
2605	-6.641
2606	-6.446
2607	-6.341
2608	-6.456
2609	-5.979
2610	-6.421
2611	-6.228
2612	-6.64
2613	-6.939
2614	-6.481
2615	-6.044
2616	-6.154
2617	-5.953
2618	-5.637
2619	-5.424
2620	-5.723
2621	-6.073
2622	-6.029
2623	-6.104
2624	-5.659
2625	-5.914
2626	-5.991
2627	-5.913
2628	-5.529
2629	-5.596
2630	-5.552
2631	-5.761
2632	-5.619
2633	-5.342
2634	-5.576
2635	-5.636
2636	-5.581
2637	-5.876
2638	-5.931
2639	-6.351
2640	-6.479
2641	-6.797
2642	-6.708
2643	-6.781
2644	-6.671
2645	-6.529
2646	-6.911
2647	-6.69
2648	-6.666
2649	-6.413
2650	-5.765
2651	-6.028
2652	-6.515
2653	-6.669
2654	-7.07
2655	-6.926
2656	-6.766
2657	-6.532
2658	-6.681
2659	-6.472
2660	-6.246
2661	-6.192
2662	-6.185
2663	-6.512
2664	-6.53
2665	-6.052
2666	-6.468
2667	-6.612
2668	-6.365
2669	-6.559
2670	-6.179
2671	-6.49
2672	-6.356
2673	-6.231
2674	-6.024
2675	-6.167
2676	-6.005
2677	-6.019
2678	-5.535
2679	-5.441
2680	-5.402
2681	-5.507
2682	-5.52
2683	-5.798
2684	-5.537
2685	-5.651
2686	-5.543
2687	-5.186
2688	-5.54
2689	-5.347
2690	-5.429
2691	-5.906
2692	-5.862
2693	-5.959
2694	-6.19
2695	-6.19
2696	-6.213
2697	-6.193
2698	-6.28
2699	-6.243
2700	-5.941
2701	-5.744
2702	-6.153
2703	-6.092
2704	-6.044
2705	-6.326
2706	-6.542
2707	-6.651
2708	-6.886
2709	-6.165
2710	-6.167
2711	-6.069
2712	-5.744
2713	-5.679
2714	-5.532
2715	-5.568
2716	-5.705
2717	-5.705
2718	-6.048
2719	-5.623
2720	-5.391
2721	-5.63
2722	-5.514
2723	-5.266
2724	-5.378
2725	-5.573
2726	-5.617
2727	-5.819
2728	-5.811
2729	-5.422
2730	-5.346
2731	-5.396
2732	-5.245
2733	-5.536
2734	-5.914
2735	-6.259
2736	-6.358
2737	-6.497
2738	-6.314
2739	-7.11
2740	-6.633
2741	-6.736
2742	-6.63
2743	-6.864
2744	-7.225
2745	-7.444
2746	-6.935
2747	-7.062
2748	-6.866
2749	-6.728
2750	-6.811
2751	-6.91
2752	-7.015
2753	-7.007
2754	-6.952
2755	-7.228
2756	-6.97
2757	-7.125
2758	-7.357
2759	-7.729
2760	-7.684
2761	-7.736
2762	-7.736
2763	-6.953
2764	-7.052
2765	-7.269
2766	-7.227
2767	-7.182
2768	-7.182
2769	-7.365
2770	-7.354
2771	-7.328
2772	-7.254
2773	-7.133
2774	-7.054
2775	-7.283
2776	-7.537
2777	-7.426
2778	-6.728
2779	-6.996
2780	-6.729
2781	-6.596
2782	-6.251
2783	-6.394
2784	-6.107
2785	-6.082
2786	-6.137
2787	-6.188
2788	-6.235
2789	-6.326
2790	-5.896
2791	-6.395
2792	-6.458
2793	-6.214
2794	-6.35
2795	-6.638
2796	-6.26
2797	-5.952
2798	-5.964
2799	-6.368
2800	-6.474
2801	-6.382
2802	-6.499
2803	-6.209
2804	-6.397
2805	-7.065
2806	-7.124
2807	-7.089
2808	-7.056
2809	-7.301
2810	-7.452
2811	-7.493
2812	-7.493
2813	-7.615
2814	-7.515
2815	-7.805
2816	-7.195
2817	-7.186
2818	-7.256
2819	-6.996
2820	-6.873
2821	-6.995
2822	-7.145
2823	-7.1
2824	-6.836
2825	-7.098
2826	-6.853
2827	-6.116
2828	-5.809
2829	-5.801
2830	-5.714
2831	-5.515
2832	-5.701
2833	-6.043
2834	-6.1
2835	-6.167
2836	-5.813
2837	-6.498
2838	-6.793
2839	-6.793
2840	-6.669
2841	-6.786
2842	-6.577
2843	-6.62
2844	-6.796
2845	-6.728
2846	-6.709
2847	-6.686
2848	-6.617
2849	-6.429
2850	-6.587
2851	-6.279
2852	-6.315
2853	-6.133
2854	-5.929
2855	-6.325
2856	-6.084
2857	-5.931
2858	-6.444
2859	-6.264
2860	-6.425
2861	-6.211
2862	-5.995
2863	-5.91
2864	-6.115
2865	-6.257
2866	-5.919
2867	-6.111
2868	-5.809
2869	-5.756
2870	-5.89
2871	-5.832
2872	-5.958
2873	-5.958
2874	-5.439
2875	-5.868
2876	-5.571
2877	-5.886
2878	-5.945
2879	-5.991
2880	-6.436
2881	-6.437
2882	-6.308
2883	-6.165
2884	-5.905
2885	-5.761
2886	-6.132
2887	-6.146
2888	-6.392
2889	-6.581
2890	-6.925
2891	-6.621
2892	-6.864
2893	-6.686
2894	-6.913
2895	-6.68
2896	-6.548
2897	-6.664
2898	-6.682
2899	-6.64
2900	-6.778
2901	-6.562
2902	-6.545
2903	-6.789
2904	-6.907
2905	-6.903
2906	-7.308
2907	-7.337
2908	-7.301
2909	-7.218
2910	-7.365
2911	-7.393
2912	-7.107
2913	-7.028
2914	-6.758
2915	-6.764
2916	-7.216
2917	-7.14
2918	-6.805
2919	-6.792
2920	-6.718
2921	-5.997
2922	-5.834
2923	-5.933
2924	-5.753
2925	-5.247
2926	-5.349
2927	-5.453
2928	-5.356
2929	-5.544
2930	-5.533
2931	-5.453
2932	-5.414
2933	-5.322
2934	-5.493
2935	-5.694
2936	-5.79
2937	-5.814
2938	-6.103
2939	-6.077
2940	-6.347
2941	-6.304
2942	-6.033
2943	-5.954
2944	-6.079
2945	-6.1
2946	-6.181
2947	-6.21
2948	-6.132
2949	-6.125
2950	-6.573
2951	-7.112
2952	-7.118
2953	-6.852
2954	-6.856
2955	-7.439
2956	-7.729
2957	-7.753
2958	-7.894
2959	-7.822
2960	-7.764
2961	-7.734
2962	-7.435
2963	-7.459
2964	-7.71
2965	-7.794
2966	-7.693
2967	-7.189
2968	-7.21
2969	-6.936
2970	-6.775
2971	-6.775
2972	-6.741
2973	-6.626
2974	-6.626
2975	-6.635
2976	-6.635
2977	-6.374
2978	-6.285
2979	-6.541
2980	-6.53
2981	-6.557
2982	-6.523
2983	-6.887
2984	-6.545
2985	-7.108
2986	-7.061
2987	-7.059
2988	-6.869
2989	-6.787
2990	-6.324
2991	-6.006
2992	-6.129
2993	-5.771
2994	-6.076
2995	-5.626
2996	-6.04
2997	-6.329
2998	-6.241
2999	-6.767
3000	-6.583
2001	0.3766
2002	0.3616
2003	0.3499
2004	0.3298
2005	0.3284
2006	0.3298
2007	0.3234
2008	0.3154
2009	0.3129
2010	0.3467
2011	0.3562
2012	0.3779
2013	0.3676
2014	0.3764
2015	0.381
2016	0.3818
2017	0.374
2018	0.3666
2019	0.385
2020	0.3978
2021	0.3908
2022	0.3929
2023	0.3929
2024	0.3925
2025	0.3918
2026	0.3632
2027	0.3588
2028	0.3844
2029	0.4141
2030	0.441
2031	0.4462
2032	0.4346
2033	0.4168
2034	0.4184
2035	0.4409
2036	0.4438
2037	0.419
2038	0.4205
2039	0.4594
2040	0.4606
2041	0.429
2042	0.429
2043	0.4565
2044	0.4913
2045	0.5048
2046	0.4744
2047	0.4932
2048	0.4857
2049	0.4373
2050	0.4684
2051	0.4457
2052	0.442
2053	0.4118
2054	0.4385
2055	0.4254
2056	0.3745
2057	0.3898
2058	0.393
2059	0.3905
2060	0.4171
2061	0.4212
2062	0.4478
2063	0.4786
2064	0.4907
2065	0.4881
2066	0.4942
2067	0.4799
2068	0.4347
2069	0.4473
2070	0.4473
2071	0.4404
2072	0.4261
2073	0.4398
2074	0.428
2075	0.4454
2076	0.445
2077	0.462
2078	0.4518
2079	0.4457
2080	0.422
2081	0.4298
2082	0.3842
2083	0.367
2084	0.3685
2085	0.3718
2086	0.3967
2087	0.4079
2088	0.4081
2089	0.3975
2090	0.3881
2091	0.4093
2092	0.4093
2093	0.4093
2094	0.388
2095	0.3931
2096	0.376
2097	0.3875
2098	0.3517
2099	0.3842
2100	0.3689
2101	0.3669
2102	0.3877
2103	0.421
2104	0.4172
2105	0.4006
2106	0.3948
2107	0.4053
2108	0.4086
2109	0.4371
2110	0.4426
2111	0.4487
2112	0.4816
2113	0.4544
2114	0.4847
2115	0.4551
2116	0.4383
2117	0.4383
2118	0.4297
2119	0.4297
2120	0.4458
2121	0.4257
2122	0.4345
2123	0.4421
2124	0.4626
2125	0.4863
2126	0.4934
2127	0.5042
2128	0.5042
2129	0.5042
2130	0.4819
2131	0.4819
2132	0.4953
2133	0.4879
2134	0.4772
2135	0.4674
2136	0.461
2137	0.4509
2138	0.4375
2139	0.4498
2140	0.4074
2141	0.4163
2142	0.4174
2143	0.4164
2144	0.4083
2145	0.3919
2146	0.4253
2147	0.4154
2148	0.4128
2149	0.4163
2150	0.4349
2151	0.4236
2152	0.4133
2153	0.4047
2154	0.3992
2155	0.3992
2156	0.3992
2157	0.4073
2158	0.3927
2159	0.4024
2160	0.4136
2161	0.4218
2162	0.4132
2163	0.4132
2164	0.4151
2165	0.4029
2166	0.4309
2167	0.4173
2168	0.4292
2169	0.381
2170	0.4003
2171	0.4533
2172	0.4595
2173	0.4426
2174	0.4231
2175	0.4127
2176	0.4176
2177	0.4205
2178	0.4205
2179	0.4095
2180	0.4636
2181	0.4533
2182	0.4396
2183	0.4369
2184	0.4361
2185	0.4448
2186	0.4618
2187	0.4644
2188	0.4443
2189	0.4764
2190	0.4906
2191	0.4894
2192	0.4769
2193	0.5223
2194	0.504
2195	0.5004
2196	0.5117
2197	0.506
2198	0.4715
2199	0.4754
2200	0.4412
2201	0.4562
2202	0.4525
2203	0.4785
2204	0.5485
2205	0.5145
2206	0.5043
2207	0.4865
2208	0.4773
2209	0.4978
2210	0.5029
2211	0.4798
2212	0.5241
2213	0.5006
2214	0.5238
2215	0.4857
2216	0.4874
2217	0.4689
2218	0.456
2219	0.4252
2220	0.4373
2221	0.4325
2222	0.4286
2223	0.4276
2224	0.4235
2225	0.4395
2226	0.4323
2227	0.4398
2228	0.4292
2229	0.3939
2230	0.4059
2231	0.4019
2232	0.3815
2233	0.373
2234	0.3945
2235	0.3929
2236	0.4022
2237	0.4023
2238	0.4436
2239	0.4643
2240	0.4432
2241	0.4412
2242	0.3907
2243	0.3954
2244	0.3874
2245	0.3916
2246	0.4181
2247	0.3929
2248	0.3593
2249	0.3191
2250	0.341
2251	0.3696
2252	0.3746
2253	0.3746
2254	0.3715
2255	0.3666
2256	0.3928
2257	0.3982
2258	0.3657
2259	0.3657
2260	0.3727
2261	0.3673
2262	0.3805
2263	0.3742
2264	0.3961
2265	0.3955
2266	0.4054
2267	0.4011
2268	0.3922
2269	0.3761
2270	0.3997
2271	0.4056
2272	0.3927
2273	0.4055
2274	0.4394
2275	0.4623
2276	0.4506
2277	0.444
2278	0.4159
2279	0.445
2280	0.4325
2281	0.3955
2282	0.3955
2283	0.4044
2284	0.4618
2285	0.4662
2286	0.4619
2287	0.4536
2288	0.4435
2289	0.4425
2290	0.4458
2291	0.4445
2292	0.4396
2293	0.4604
2294	0.4531
2295	0.447
2296	0.4868
2297	0.4731
2298	0.4765
2299	0.4799
2300	0.4884
2301	0.505
2302	0.5036
2303	0.4861
2304	0.4909
2305	0.4652
2306	0.482
2307	0.4871
2308	0.497
2309	0.4863
2310	0.4863
2311	0.4617
2312	0.4484
2313	0.4433
2314	0.4482
2315	0.4582
2316	0.4377
2317	0.4386
2318	0.4456
2319	0.4349
2320	0.4488
2321	0.4598
2322	0.4508
2323	0.4522
2324	0.4543
2325	0.445
2326	0.4358
2327	0.4118
2328	0.4116
2329	0.4078
2330	0.4036
2331	0.4128
2332	0.3941
2333	0.3978
2334	0.4274
2335	0.4219
2336	0.4129
2337	0.3914
2338	0.3897
2339	0.4008
2340	0.4116
2341	0.3946
2342	0.4021
2343	0.4111
2344	0.3906
2345	0.3832
2346	0.3893
2347	0.402
2348	0.4201
2349	0.4454
2350	0.4406
2351	0.4085
2352	0.416
2353	0.4369
2354	0.4141
2355	0.4041
2356	0.4377
2357	0.4374
2358	0.4485
2359	0.4462
2360	0.4245
2361	0.4483
2362	0.4547
2363	0.4384
2364	0.435
2365	0.4166
2366	0.3966
2367	0.3822
2368	0.4085
2369	0.428
2370	0.4263
2371	0.4104
2372	0.3916
2373	0.417
2374	0.4088
2375	0.3943
2376	0.3924
2377	0.4052
2378	0.3993
2379	0.4091
2380	0.4248
2381	0.419
2382	0.4497
2383	0.4045
2384	0.4021
2385	0.4242
2386	0.4473
2387	0.453
2388	0.4429
2389	0.4172
2390	0.3699
2391	0.3805
2392	0.3975
2393	0.3842
2394	0.3634
2395	0.3838
2396	0.3743
2397	0.39
2398	0.3823
2399	0.3883
2400	0.3755
2401	0.3839
2402	0.4044
2403	0.4357
2404	0.4221
2405	0.3996
2406	0.3961
2407	0.4119
2408	0.4233
2409	0.4229
2410	0.4229
2411	0.4178
2412	0.4188
2413	0.3969
2414	0.4158
2415	0.4325
2416	0.4326
2417	0.4467
2418	0.4532
2419	0.4422
2420	0.4108
2421	0.3478
2422	0.3577
2423	0.3577
2424	0.3694
2425	0.383
2426	0.4002
2427	0.4018
2428	0.3861
2429	0.3432
2430	0.3642
2431	0.3617
2432	0.3455
2433	0.3286
2434	0.3541
2435	0.3526
2436	0.3454
2437	0.3586
2438	0.3599
2439	0.3696
2440	0.366
2441	0.4037
2442	0.3644
2443	0.3895
2444	0.3895
2445	0.3961
2446	0.3961
2447	0.4085
2448	0.4133
2449	0.4151
2450	0.4245
2451	0.409
2452	0.3838
2453	0.3804
2454	0.3984
2455	0.356
2456	0.3742
2457	0.3716
2458	0.3904
2459	0.3777
2460	0.3808
2461	0.36
2462	0.3764
2463	0.3767
2464	0.3807
2465	0.3546
2466	0.3742
2467	0.3947
2468	0.3674
2469	0.3874
2470	0.395
2471	0.3947
2472	0.3942
2473	0.3942
2474	0.4129
2475	0.4302
2476	0.4488
2477	0.4296
2478	0.4497
2479	0.4919
2480	0.4829
2481	0.4829
2482	0.4538
2483	0.4538
2484	0.4545
2485	0.4412
2486	0.4833
2487	0.4842
2488	0.4886
2489	0.5098
2490	0.5098
2491	0.5006
2492	0.4919
2493	0.4959
2494	0.5054
2495	0.496
2496	0.535
2497	0.535
2498	0.5211
2499	0.5321
2500	0.512
2501	0.4733
2502	0.4775
2503	0.4848
2504	0.5078
2505	0.5464
2506	0.5663
2507	0.5709
2508	0.5562
2509	0.5482
2510	0.5399
2511	0.5413
2512	0.5304
2513	0.5392
2514	0.5087
2515	0.504
2516	0.4715
2517	0.4238
2518	0.3901
2519	0.3776
2520	0.3943
2521	0.3938
2522	0.4196
2523	0.422
2524	0.4331
2525	0.4661
2526	0.4771
2527	0.4757
2528	0.4852
2529	0.482
2530	0.4694
2531	0.4703
2532	0.4646
2533	0.4517
2534	0.4411
2535	0.4281
2536	0.3931
2537	0.4127
2538	0.4439
2539	0.4427
2540	0.4632
2541	0.4713
2542	0.4688
2543	0.4689
2544	0.4235
2545	0.4081
2546	0.3958
2547	0.425
2548	0.4133
2549	0.4186
2550	0.4392
2551	0.4107
2552	0.4117
2553	0.4051
2554	0.4039
2555	0.3923
2556	0.3717
2557	0.3723
2558	0.3855
2559	0.3765
2560	0.3669
2561	0.3744
2562	0.3861
2563	0.3753
2564	0.3819
2565	0.3505
2566	0.3551
2567	0.3481
2568	0.3663
2569	0.3564
2570	0.3405
2571	0.344
2572	0.3404
2573	0.3404
2574	0.3677
2575	0.381
2576	0.4
2577	0.377
2578	0.3804
2579	0.3648
2580	0.3695
2581	0.3535
2582	0.3371
2583	0.3348
2584	0.3572
2585	0.3445
2586	0.3057
2587	0.3441
2588	0.3421
2589	0.3412
2590	0.3483
2591	0.3566
2592	0.3343
2593	0.3453
2594	0.3515
2595	0.3561
2596	0.3617
2597	0.3741
2598	0.3792
2599	0.377
2600	0.3758
2601	0.3854
2602	0.4281
2603	0.4411
2604	0.4252
2605	0.4523
2606	0.4222
2607	0.4301
2608	0.4372
2609	0.4174
2610	0.4406
2611	0.4436
2612	0.4529
2613	0.4853
2614	0.4458
2615	0.4131
2616	0.4046
2617	0.3789
2618	0.3608
2619	0.3624
2620	0.3653
2621	0.3996
2622	0.4072
2623	0.4012
2624	0.3749
2625	0.3996
2626	0.3972
2627	0.4052
2628	0.3644
2629	0.3621
2630	0.3621
2631	0.3737
2632	0.3735
2633	0.3585
2634	0.3749
2635	0.3707
2636	0.367
2637	0.3872
2638	0.3928
2639	0.4194
2640	0.4428
2641	0.4534
2642	0.4605
2643	0.4743
2644	0.4619
2645	0.4619
2646	0.4745
2647	0.4472
2648	0.4617
2649	0.4275
2650	0.408
2651	0.4013
2652	0.4449
2653	0.4524
2654	0.4763
2655	0.476
2656	0.4448
2657	0.4613
2658	0.4488
2659	0.4362
2660	0.4327
2661	0.4204
2662	0.4207
2663	0.4592
2664	0.4381
2665	0.4
2666	0.4403
2667	0.4269
2668	0.4282
2669	0.4391
2670	0.4196
2671	0.4307
2672	0.4181
2673	0.4209
2674	0.4068
2675	0.4247
2676	0.4007
2677	0.4087
2678	0.3657
2679	0.3709
2680	0.3501
2681	0.3381
2682	0.3478
2683	0.3932
2684	0.3765
2685	0.3722
2686	0.365
2687	0.3314
2688	0.3534
2689	0.3579
2690	0.3509
2691	0.3852
2692	0.4009
2693	0.4052
2694	0.4113
2695	0.4108
2696	0.4085
2697	0.4137
2698	0.4242
2699	0.4038
2700	0.393
2701	0.3804
2702	0.4089
2703	0.4
2704	0.4214
2705	0.4271
2706	0.4472
2707	0.4446
2708	0.44
2709	0.3911
2710	0.402
2711	0.402
2712	0.3852
2713	0.3732
2714	0.3622
2715	0.3678
2716	0.3722
2717	0.3847
2718	0.4047
2719	0.3806
2720	0.3589
2721	0.3607
2722	0.3389
2723	0.3451
2724	0.3628
2725	0.3822
2726	0.3512
2727	0.3705
2728	0.3758
2729	0.3603
2730	0.353
2731	0.3442
2732	0.3484
2733	0.3571
2734	0.3925
2735	0.4107
2736	0.4227
2737	0.4359
2738	0.4141
2739	0.4665
2740	0.454
2741	0.4649
2742	0.4683
2743	0.4611
2744	0.4909
2745	0.515
2746	0.4899
2747	0.4984
2748	0.4742
2749	0.4695
2750	0.4695
2751	0.4789
2752	0.477
2753	0.4675
2754	0.4756
2755	0.4959
2756	0.491
2757	0.4985
2758	0.5181
2759	0.539
2760	0.5393
2761	0.5624
2762	0.5159
2763	0.4937
2764	0.4769
2765	0.4885
2766	0.4931
2767	0.4802
2768	0.483
2769	0.5076
2770	0.5002
2771	0.5002
2772	0.5059
2773	0.4995
2774	0.4863
2775	0.5163
2776	0.5356
2777	0.5277
2778	0.4529
2779	0.4606
2780	0.453
2781	0.4428
2782	0.4111
2783	0.4089
2784	0.4031
2785	0.4077
2786	0.4077
2787	0.4151
2788	0.4266
2789	0.4189
2790	0.3872
2791	0.4284
2792	0.4383
2793	0.4383
2794	0.4498
2795	0.4618
2796	0.4194
2797	0.4062
2798	0.4193
2799	0.4218
2800	0.4205
2801	0.4283
2802	0.4532
2803	0.4316
2804	0.439
2805	0.4938
2806	0.4839
2807	0.4903
2808	0.4954
2809	0.4961
2810	0.5201
2811	0.5286
2812	0.5286
2813	0.5228
2814	0.5311
2815	0.5144
2816	0.5166
2817	0.5003
2818	0.4975
2819	0.4867
2820	0.4786
2821	0.4735
2822	0.4724
2823	0.4777
2824	0.4663
2825	0.4682
2826	0.4654
2827	0.4046
2828	0.3847
2829	0.3827
2830	0.3607
2831	0.3621
2832	0.3916
2833	0.4005
2834	0.4003
2835	0.4066
2836	0.4306
2837	0.4615
2838	0.4698
2839	0.458
2840	0.4483
2841	0.447
2842	0.4579
2843	0.4477
2844	0.4679
2845	0.4617
2846	0.4374
2847	0.4538
2848	0.4657
2849	0.4257
2850	0.4472
2851	0.4287
2852	0.4192
2853	0.4169
2854	0.4125
2855	0.4187
2856	0.4114
2857	0.4024
2858	0.4285
2859	0.4286
2860	0.4275
2861	0.4228
2862	0.3959
2863	0.4013
2864	0.4138
2865	0.4074
2866	0.4038
2867	0.398
2868	0.3869
2869	0.3918
2870	0.3764
2871	0.3775
2872	0.3807
2873	0.3812
2874	0.3653
2875	0.3738
2876	0.3881
2877	0.3721
2878	0.3911
2879	0.4148
2880	0.4249
2881	0.4253
2882	0.4149
2883	0.401
2884	0.3914
2885	0.3871
2886	0.4179
2887	0.4133
2888	0.4241
2889	0.4567
2890	0.4712
2891	0.452
2892	0.4769
2893	0.4454
2894	0.4576
2895	0.4458
2896	0.4355
2897	0.4446
2898	0.4631
2899	0.4528
2900	0.4673
2901	0.4444
2902	0.4444
2903	0.4791
2904	0.4514
2905	0.4787
2906	0.4823
2907	0.495
2908	0.5004
2909	0.4864
2910	0.4907
2911	0.4997
2912	0.4997
2913	0.4843
2914	0.4774
2915	0.4623
2916	0.4794
2917	0.4707
2918	0.465
2919	0.466
2920	0.456
2921	0.3949
2922	0.3859
2923	0.3999
2924	0.3788
2925	0.3401
2926	0.3401
2927	0.36
2928	0.3473
2929	0.3703
2930	0.3673
2931	0.3556
2932	0.3625
2933	0.366
2934	0.3664
2935	0.3811
2936	0.379
2937	0.3771
2938	0.3873
2939	0.3897
2940	0.4132
2941	0.4077
2942	0.4028
2943	0.3989
2944	0.4228
2945	0.4085
2946	0.4043
2947	0.4079
2948	0.4044
2949	0.419
2950	0.4529
2951	0.4726
2952	0.4902
2953	0.4678
2954	0.4554
2955	0.5108
2956	0.531
2957	0.55
2958	0.5478
2959	0.5568
2960	0.5655
2961	0.5369
2962	0.507
2963	0.5176
2964	0.55
2965	0.5284
2966	0.5363
2967	0.5034
2968	0.4727
2969	0.4826
2970	0.4585
2971	0.4611
2972	0.4346
2973	0.4612
2974	0.4494
2975	0.4472
2976	0.4219
2977	0.4203
2978	0.4209
2979	0.4623
2980	0.4594
2981	0.4474
2982	0.453
2983	0.4799
2984	0.4558
2985	0.4789
2986	0.4892
2987	0.4892
2988	0.4636
2989	0.4471
2990	0.4183
2991	0.408
2992	0.4049
2993	0.3931
2994	0.3963
2995	0.3591
2996	0.3827
2997	0.4244
2998	0.425
2999	0.4461
3000	0.4549
2001	-0.54
2002	-0.8433
2003	-0.8048
2004	-0.5226
2005	-0.4831
2006	-0.3447
2007	-0.3773
2008	-0.4603
2009	-0.02564
2010	-0.629
2011	-0.6359
2012	-0.3018
2013	-0.5731
2014	-0.9572
2015	-0.7391
2016	-0.3361
2017	-0.8175
2018	-0.4666
2019	-0.5476
2020	-0.405
2021	-0.9308
2022	-0.3465
2023	-0.7145
2024	-0.5853
2025	-0.6015
2026	-0.4025
2027	-0.5028
2028	-0.3181
2029	-0.7164
2030	-0.7267
2031	-0.5742
2032	-0.09745
2033	-0.7245
2034	-0.5235
2035	-0.7758
2036	-0.5704
2037	-0.5938
2038	-0.5564
2039	-0.5564
2040	-0.1801
2041	-0.667
2042	-0.5274
2043	-0.5991
2044	-0.5192
2045	-0.1858
2046	-0.03979
2047	-0.7831
2048	-0.4344
2049	-0.5177
2050	-0.6607
2051	-0.4917
2052	-0.3151
2053	-0.5742
2054	-0.3507
2055	-0.626
2056	-0.5209
2057	-0.696
2058	-0.3252
2059	-0.3023
2060	-0.4013
2061	-0.3966
2062	-0.3047
2063	-1.047
2064	-0.3202
2065	-0.2896
2066	-0.1573
2067	-0.5695
2068	-0.3428
2069	-0.4337
2070	-0.6155
2071	-0.4702
2072	-0.8436
2073	-0.6386
2074	-0.6375
2075	-0.541
2076	-0.5095
2077	-0.8349
2078	-0.8193
2079	-0.5585
2080	-0.3228
2081	-0.4413
2082	-0.4128
2083	-0.5012
2084	-0.5505
2085	-0.4136
2086	-0.5339
2087	-0.7451
2088	-0.4497
2089	-0.3521
2090	-0.5374
2091	-0.6085
2092	-0.4438
2093	-0.4896
2094	-0.7489
2095	-0.4077
2096	-0.4531
2097	-0.4274
2098	-0.568
2099	-0.568
2100	-0.7317
2101	-0.68
2102	-0.529
2103	-0.3888
2104	-0.5856
2105	-0.8878
2106	-0.6266
2107	-0.463
2108	-0.5863
2109	-0.5706
2110	-0.6558
2111	-0.909
2112	-0.7594
2113	-0.6232
2114	-0.3729
2115	-0.6555
2116	-0.5189
2117	-0.7177
2118	-0.5746
2119	-0.6383
2120	-0.5862
2121	-0.2156
2122	-0.06763
2123	-0.3069
2124	-0.6722
2125	-0.5351
2126	-0.5912
2127	-0.3961
2128	-0.385
2129	-0.759
2130	-0.3888
2131	-0.1282
2132	-0.1953
2133	-0.5568
2134	-0.4873
2135	-0.9101
2136	-0.8907
2137	-0.5439
2138	-0.6166
2139	-0.3875
2140	-0.554
2141	-0.7257
2142	-0.7516
2143	-0.7291
2144	-0.1026
2145	-0.5124
2146	-0.5539
2147	-0.7277
2148	-0.6617
2149	-0.6681
2150	-0.5565
2151	-0.4464
2152	-0.538
2153	-0.4686
2154	-0.1972
2155	-0.7858
2156	-0.6144
2157	-0.2234
2158	-0.1941
2159	-0.3444
2160	-0.3674
2161	-0.2342
2162	-0.2122
2163	-0.3849
2164	-0.351
2165	-0.7846
2166	-0.3922
2167	-0.4678
2168	-0.6536
2169	-0.6591
2170	-0.3355
2171	-0.7982
2172	-0.6917
2173	-0.6076
2174	-0.6754
2175	-0.124
2176	-0.7227
2177	-0.5033
2178	-0.5416
2179	-0.4218
2180	-0.4218
2181	-0.5192
2182	-0.5567
2183	-0.7145
2184	-0.3435
2185	-0.7963
2186	-0.3892
2187	-0.6283
2188	-0.8512
2189	-0.4902
2190	-0.5925
2191	-0.6071
2192	-0.67
2193	-0.4594
2194	-0.7129
2195	-0.5521
2196	-0.6219
2197	-0.5916
2198	-0.6386
2199	-0.5803
2200	-0.6182
2201	-0.6405
2202	-0.5055
2203	-0.934
2204	-0.5347
2205	-0.3616
2206	-0.7932
2207	-0.4919
2208	-0.2533
2209	-0.3819
2210	-0.1643
2211	-0.4447
2212	-0.7727
2213	-0.6
2214	-0.3052
2215	0.1571
2216	-0.5348
2217	-0.6211
2218	-0.2585
2219	-0.5764
2220	-0.6217
2221	-0.6501
2222	-0.2493
2223	-0.3328
2224	-0.5618
2225	-0.9448
2226	-0.4128
2227	-0.5572
2228	-0.296
2229	-0.7024
2230	-0.4858
2231	-0.7564
2232	-0.9139
2233	-0.4245
2234	-0.8409
2235	-0.1634
2236	-0.4934
2237	-0.5748
2238	-0.373
2239	-0.645
2240	-0.5321
2241	-0.2258
2242	-0.5971
2243	-0.6348
2244	-0.2136
2245	-0.66
2246	-0.6904
2247	-0.5834
2248	-0.8804
2249	-3.32E-4
2250	-0.2712
2251	-0.6232
2252	-0.6887
2253	-0.4821
2254	-0.824
2255	-1.039
2256	-0.6998
2257	-0.2897
2258	-0.7687
2259	-0.35
2260	-0.7936
2261	-0.5565
2262	-0.51
2263	-0.1811
2264	-0.7137
2265	-0.6266
2266	-0.455
2267	-0.455
2268	-0.4616
2269	-0.5057
2270	-0.3252
2271	-0.8144
2272	-0.3479
2273	-0.4014
2274	-0.4533
2275	-0.7371
2276	-0.3529
2277	-0.6462
2278	-0.3586
2279	0.06686
2280	-0.03973
2281	-0.5497
2282	-0.5029
2283	-0.1725
2284	-0.2114
2285	-0.4486
2286	-0.5801
2287	-0.317
2288	-0.4575
2289	-0.4732
2290	0.03682
2291	-0.9439
2292	-0.6283
2293	-0.1431
2294	-0.39
2295	-0.3493
2296	-0.3932
2297	-0.4573
2298	-0.2045
2299	-0.6361
2300	-0.4085
2301	-0.1735
2302	-0.7923
2303	-0.7493
2304	-0.6029
2305	-0.7118
2306	-0.4868
2307	-0.6193
2308	-0.4699
2309	-0.334
2310	-0.2356
2311	-0.4519
2312	-0.1568
2313	-0.5651
2314	-0.5375
2315	-0.1971
2316	-0.5176
2317	-0.5025
2318	-0.6218
2319	-0.9172
2320	-0.4264
2321	-0.0619
2322	-0.5999
2323	-0.4688
2324	-0.5365
2325	-0.7855
2326	-0.6503
2327	-0.6059
2328	-0.7158
2329	-0.1074
2330	-0.7016
2331	-0.6888
2332	-0.4926
2333	-0.3569
2334	-0.3529
2335	-0.4054
2336	-0.03738
2337	-0.3962
2338	-0.4911
2339	-0.6225
2340	-0.4081
2341	-0.1694
2342	-0.6223
2343	-0.8556
2344	-0.9998
2345	-0.2825
2346	-0.4982
2347	-0.617
2348	-0.07199
2349	-0.3017
2350	-0.4097
2351	-0.5925
2352	-0.4483
2353	-0.424
2354	-0.3904
2355	-0.2703
2356	-0.5415
2357	-0.213
2358	-0.5929
2359	-0.4403
2360	-0.2437
2361	-0.4539
2362	-0.4539
2363	-0.4539
2364	-0.1911
2365	-0.3891
2366	-0.3803
2367	-0.4822
2368	-0.6987
2369	-0.7228
2370	-0.1604
2371	-0.6035
2372	-0.6876
2373	-0.6944
2374	-0.5996
2375	-0.5944
2376	-0.5944
2377	-0.2953
2378	-0.3665
2379	-0.664
2380	-0.9207
2381	-0.578
2382	-0.2654
2383	-0.2699
2384	-0.7579
2385	-0.4678
2386	-0.5593
2387	-0.4451
2388	-0.5978
2389	-0.3963
2390	-0.5259
2391	-0.581
2392	-0.389
2393	-0.3293
2394	-0.5407
2395	-0.267
2396	-0.5171
2397	-0.7615
2398	-0.5771
2399	-0.322
2400	-0.6409
2401	-0.7679
2402	-0.8378
2403	-0.7372
2404	-0.6957
2405	-0.3616
2406	-0.3162
2407	-0.3162
2408	-0.5012
2409	-0.5798
2410	-0.3997
2411	-0.8154
2412	-0.9025
2413	-0.9466
2414	-0.4858
2415	-0.6086
2416	-0.3655
2417	-0.2294
2418	-0.3616
2419	-0.4159
2420	-0.5239
2421	-0.4251
2422	-0.6987
2423	-0.05803
2424	-0.5646
2425	-0.06036
2426	-0.07983
2427	-0.6567
2428	-0.2506
2429	-0.6728
2430	-0.6784
2431	-0.4802
2432	-0.3586
2433	-0.7682
2434	-0.8404
2435	-0.8262
2436	-0.222
2437	-0.2351
2438	-0.2292
2439	-0.3284
2440	-0.4804
2441	-0.6224
2442	-0.5348
2443	-0.4905
2444	-0.1757
2445	-0.2822
2446	-0.4784
2447	-0.3557
2448	-0.08018
2449	-0.352
2450	-0.6813
2451	-0.2612
2452	-0.3274
2453	-0.7159
2454	-0.595
2455	-0.3358
2456	-0.5533
2457	-0.3683
2458	-0.5275
2459	-0.7454
2460	-0.4042
2461	-0.7228
2462	-1.071
2463	-0.3472
2464	-0.6651
2465	-0.7004
2466	-0.6292
2467	-0.06618
2468	-0.1574
2469	-0.5257
2470	-0.4131
2471	-0.3232
2472	-0.6992
2473	-0.8265
2474	-0.6103
2475	-0.5802
2476	-0.436
2477	-0.8978
2478	-0.3661
2479	-0.599
2480	-0.5435
2481	-0.266
2482	-0.9125
2483	-0.8353
2484	-0.6158
2485	-0.8216
2486	-0.6411
2487	-0.5241
2488	-0.5544
2489	-0.5894
2490	-0.2437
2491	-0.2873
2492	-0.4885
2493	-0.5173
2494	-0.465
2495	-0.7847
2496	-0.5839
2497	-0.5313
2498	-0.4693
2499	-0.2144
2500	-0.5169
2501	-0.26
2502	-0.6066
2503	-0.8746
2504	-0.3325
2505	-0.8865
2506	-0.7384
2507	-0.6218
2508	-0.2581
2509	-0.5804
2510	-0.5296
2511	-0.5296
2512	-0.7012
2513	-0.7763
2514	-0.4026
2515	-0.7542
2516	-0.7241
2517	-0.8341
2518	-1.034
2519	-0.6252
2520	-0.6252
2521	-0.6252
2522	-0.2369
2523	-0.7235
2524	-0.77
2525	-0.2223
2526	-0.5565
2527	-0.6351
2528	-0.1671
2529	-0.775
2530	-0.4018
2531	-0.7019
2532	-0.9353
2533	-0.4983
2534	-0.4342
2535	-0.3287
2536	-0.1586
2537	-0.4819
2538	-0.4136
2539	-0.5354
2540	-0.588
2541	-0.2811
2542	-0.3624
2543	-0.6341
2544	-0.2904
2545	-0.3219
2546	-0.7205
2547	-0.5593
2548	-0.4599
2549	-0.5583
2550	-0.7077
2551	-0.6743
2552	-0.6116
2553	-0.3802
2554	-0.2013
2555	-0.146
2556	-0.6065
2557	-0.4666
2558	-0.7023
2559	-0.4459
2560	-0.681
2561	-0.5705
2562	-0.2643
2563	-0.1851
2564	-0.65
2565	-0.5598
2566	-0.5804
2567	-0.5489
2568	-0.485
2569	-0.6876
2570	-0.5595
2571	-0.7487
2572	-0.3391
2573	-0.842
2574	-0.3553
2575	-0.5589
2576	-0.1091
2577	-0.672
2578	-0.4426
2579	-0.6674
2580	-0.6982
2581	-0.9969
2582	-0.5105
2583	-0.2904
2584	-0.2826
2585	-0.6189
2586	-0.8185
2587	-0.4743
2588	-0.8796
2589	-0.6177
2590	-0.7307
2591	-0.537
2592	-0.72
2593	-0.9588
2594	-0.2903
2595	-0.3183
2596	-0.2619
2597	-0.3412
2598	-0.3412
2599	-0.4182
2600	-0.0619
2601	-0.5518
2602	-0.5494
2603	-0.4127
2604	-0.6768
2605	-0.5428
2606	-0.6012
2607	-0.6012
2608	-0.4067
2609	-0.6789
2610	-0.9357
2611	-1.118
2612	-0.2238
2613	-0.3741
2614	-0.2375
2615	-0.6969
2616	-0.3756
2617	-0.1945
2618	-0.5631
2619	-0.4403
2620	-0.5223
2621	-0.4491
2622	-0.3388
2623	-0.6928
2624	-0.5368
2625	-0.5389
2626	-0.8352
2627	-0.3975
2628	-0.7284
2629	-0.4314
2630	-0.5475
2631	-0.4799
2632	-0.5862
2633	-0.5464
2634	-0.785
2635	-0.7608
2636	-0.4881
2637	-0.2475
2638	-0.963
2639	-0.06694
2640	-0.2174
2641	-0.2875
2642	-0.652
2643	-0.3814
2644	-0.2746
2645	-0.1505
2646	-0.4255
2647	-0.03332
2648	-0.7464
2649	-0.535
2650	-0.5697
2651	-0.748
2652	-0.4191
2653	-0.3688
2654	-0.3577
2655	-0.9945
2656	-0.6187
2657	-0.7203
2658	-0.7441
2659	-0.936
2660	-0.6798
2661	-0.4737
2662	-0.4478
2663	-0.5339
2664	-0.4624
2665	-0.5985
2666	-0.4582
2667	-0.6361
2668	-0.75
2669	-0.652
2670	-0.6787
2671	-0.2177
2672	-0.09964
2673	-0.5194
2674	-0.5195
2675	-0.7306
2676	-0.4126
2677	-0.6192
2678	-0.4531
2679	-0.3859
2680	-0.6641
2681	-0.598
2682	-0.7284
2683	-0.5962
2684	-0.7485
2685	-0.8169
2686	-0.8037
2687	-0.7747
2688	-0.5629
2689	-0.5251
2690	-0.8168
2691	-0.429
2692	-0.6898
2693	-0.5742
2694	-0.8696
2695	-0.7073
2696	-0.5063
2697	-0.2053
2698	-0.3004
2699	-0.02804
2700	-0.7126
2701	-0.5126
2702	-0.6281
2703	-0.4542
2704	-0.5586
2705	-0.3276
2706	-0.5135
2707	-0.5017
2708	-0.6597
2709	-0.7667
2710	-0.6095
2711	-0.8635
2712	-0.7967
2713	-0.6148
2714	-0.6162
2715	-0.4119
2716	-0.5464
2717	-0.4555
2718	-0.8662
2719	-0.7059
2720	-0.5774
2721	-0.1215
2722	-0.5349
2723	-0.5102
2724	-0.5451
2725	-0.8463
2726	-0.3784
2727	-0.4268
2728	-0.6022
2729	-0.4386
2730	-0.7044
2731	-0.9541
2732	-0.8154
2733	-0.7503
2734	-0.7503
2735	-0.7503
2736	-1.055
2737	-0.7318
2738	-0.6606
2739	-0.4301
2740	-0.6841
2741	-0.6818
2742	-0.6055
2743	-0.5408
2744	-0.5599
2745	-0.2681
2746	-0.1312
2747	-0.0983
2748	-0.1768
2749	-0.4507
2750	-0.345
2751	-0.5296
2752	-0.382
2753	-0.3431
2754	-0.417
2755	-0.6165
2756	-0.6724
2757	-0.3843
2758	-0.2503
2759	-0.4209
2760	-0.7066
2761	-0.5726
2762	-0.5614
2763	-0.706
2764	-0.8122
2765	-0.4571
2766	-0.8822
2767	-0.5604
2768	-0.01998
2769	-0.7844
2770	-0.8728
2771	-0.5593
2772	-0.8179
2773	-0.3358
2774	-0.3358
2775	-0.4502
2776	-0.528
2777	-0.6658
2778	-0.3896
2779	-0.4428
2780	-0.4449
2781	-0.5576
2782	-0.4718
2783	-0.482
2784	-0.4404
2785	-0.4874
2786	-0.5624
2787	-0.4903
2788	-0.7329
2789	-0.51
2790	-0.6424
2791	-0.772
2792	-0.3937
2793	-0.5544
2794	-0.7864
2795	-0.8505
2796	-0.4367
2797	-0.4367
2798	-0.4367
2799	-0.6944
2800	-0.1775
2801	-0.4367
2802	-0.3809
2803	-0.4889
2804	-0.3576
2805	-0.5159
2806	-0.5902
2807	-0.4604
2808	-0.3782
2809	-1.017
2810	-0.6392
2811	-0.2287
2812	-0.8955
2813	-0.9077
2814	-0.5932
2815	-0.6428
2816	-0.5986
2817	-0.2735
2818	-0.5305
2819	-0.669
2820	-0.3603
2821	-0.7295
2822	-0.3086
2823	-0.5251
2824	-0.3388
2825	-0.6059
2826	-0.7226
2827	-0.4448
2828	-0.5564
2829	-0.3565
2830	-0.6059
2831	-0.4029
2832	-0.5915
2833	0.2329
2834	-0.2681
2835	-0.4894
2836	-0.8075
2837	-0.7934
2838	-0.7274
2839	-0.6017
2840	-0.3676
2841	-1.072
2842	-0.6402
2843	-0.4579
2844	-0.4934
2845	-0.2563
2846	0.009336
2847	-0.4754
2848	-0.9019
2849	-0.3116
2850	-0.3116
2851	-0.3116
2852	-0.7931
2853	0.06649
2854	-0.6574
2855	-0.6031
2856	-0.5924
2857	-0.5623
2858	-1.166
2859	-0.3677
2860	-0.1284
2861	-0.6103
2862	-0.3965
2863	-0.7871
2864	-0.6652
2865	-0.3642
2866	-0.5531
2867	-0.5531
2868	-0.6427
2869	-0.07338
2870	-0.2596
2871	-0.3855
2872	-0.6024
2873	-0.721
2874	-0.9031
2875	-0.3329
2876	-0.6857
2877	-0.3099
2878	-0.5627
2879	-0.6518
2880	-0.7216
2881	-0.5472
2882	-0.5503
2883	-0.8603
2884	-0.7923
2885	-0.7315
2886	-0.7071
2887	-0.3025
2888	-0.2959
2889	-0.5312
2890	-0.3742
2891	-0.6575
2892	-0.6636
2893	-0.6281
2894	-0.3717
2895	-0.5296
2896	-0.5311
2897	-0.8366
2898	-0.7664
2899	-0.3711
2900	-0.6132
2901	-0.5951
2902	-0.4182
2903	-0.581
2904	-0.3886
2905	-0.7129
2906	-0.3584
2907	-0.3179
2908	-0.6943
2909	-0.3226
2910	-0.6639
2911	-0.8324
2912	-0.6569
2913	-0.7442
2914	-0.8792
2915	-0.5628
2916	-0.4748
2917	-0.4748
2918	-0.4801
2919	-0.8806
2920	-0.232
2921	-0.6939
2922	-0.3461
2923	-0.3621
2924	-0.3891
2925	-0.5904
2926	-0.2696
2927	-0.4558
2928	-0.4558
2929	-0.9028
2930	-0.428
2931	-0.428
2932	-0.3649
2933	-0.644
2934	-0.2263
2935	-0.6082
2936	-0.2697
2937	-0.1981
2938	-0.3355
2939	-0.3189
2940	-0.4198
2941	-0.3497
2942	-0.3259
2943	-0.8619
2944	-0.5222
2945	-0.6443
2946	-0.4338
2947	-0.6444
2948	-0.2022
2949	-0.7363
2950	-0.5985
2951	-0.6332
2952	-0.5588
2953	0.2085
2954	-0.5466
2955	-0.2929
2956	-0.6449
2957	-0.4009
2958	-0.6889
2959	-0.3862
2960	-0.3552
2961	-0.4273
2962	-0.4407
2963	-0.2257
2964	-0.3451
2965	-0.3448
2966	-0.7395
2967	-0.3115
2968	-0.281
2969	-0.4089
2970	-0.2066
2971	-0.6858
2972	-0.601
2973	-0.6934
2974	-0.6592
2975	-0.2606
2976	-0.6111
2977	-0.5022
2978	-0.7187
2979	-0.6889
2980	-0.5073
2981	-0.3099
2982	-0.4935
2983	-0.5894
2984	-0.6393
2985	-0.5892
2986	-0.7972
2987	-0.9026
2988	-0.804
2989	-0.6176
2990	-0.6169
2991	-0.3984
2992	-0.2012
2993	-0.593
2994	-0.3049
2995	-0.6574
2996	-0.4559
2997	-0.2308
2998	-0.5447
2999	-0.7561
3000	-0.2577
2001	2.021
2002	2.305
2003	2.446
2004	2.234
2005	2.114
2006	2.656
2007	2.656
2008	2.656
2009	2.49
2010	2.348
2011	2.514
2012	2.51
2013	2.372
2014	2.174
2015	2.405
2016	1.992
2017	2.135
2018	1.643
2019	2.058
2020	2.039
2021	1.756
2022	2.1
2023	1.851
2024	2.206
2025	2.151
2026	2.141
2027	2.424
2028	1.895
2029	1.771
2030	2.018
2031	2.096
2032	2.059
2033	2.174
2034	1.433
2035	1.742
2036	1.871
2037	2.396
2038	1.765
2039	1.765
2040	1.616
2041	1.493
2042	2.181
2043	1.547
2044	2.378
2045	2.292
2046	2.102
2047	2.216
2048	1.777
2049	2.394
2050	2.277
2051	1.926
2052	1.623
2053	2.376
2054	2.109
2055	1.718
2056	2.526
2057	1.889
2058	2.069
2059	2.382
2060	2.187
2061	1.796
2062	1.215
2063	1.818
2064	2.242
2065	2.207
2066	2.238
2067	1.714
2068	1.741
2069	2.358
2070	1.886
2071	1.481
2072	2.268
2073	2.169
2074	2.189
2075	1.897
2076	1.904
2077	2.702
2078	2.835
2079	2.09
2080	2.444
2081	2.136
2082	2.082
2083	2.698
2084	1.942
2085	2.065
2086	2.413
2087	1.979
2088	1.979
2089	1.883
2090	1.988
2091	2.017
2092	2.152
2093	2.055
2094	2.484
2095	2.246
2096	1.647
2097	1.236
2098	1.498
2099	1.53
2100	1.234
2101	1.342
2102	1.718
2103	1.983
2104	2.065
2105	1.649
2106	1.571
2107	1.69
2108	1.324
2109	2.639
2110	2.021
2111	2.532
2112	1.234
2113	1.897
2114	1.979
2115	1.932
2116	2.481
2117	2.051
2118	2.552
2119	2.454
2120	1.827
2121	2.287
2122	2.221
2123	2.931
2124	2.436
2125	2.081
2126	1.724
2127	1.747
2128	1.524
2129	1.828
2130	1.591
2131	2.146
2132	1.587
2133	1.587
2134	1.641
2135	1.887
2136	2.322
2137	1.874
2138	2.1
2139	2.1
2140	1.785
2141	2.104
2142	2.059
2143	2.439
2144	1.945
2145	2.24
2146	1.835
2147	1.985
2148	2.402
2149	2.445
2150	1.475
2151	2.804
2152	2.211
2153	2.68
2154	2.128
2155	2.173
2156	2.01
2157	2.185
2158	2.297
2159	2.552
2160	2.18
2161	2.316
2162	2.514
2163	2.353
2164	2.353
2165	2.395
2166	2.093
2167	2.152
2168	2.098
2169	1.672
2170	2.011
2171	1.812
2172	1.33
2173	1.547
2174	2.244
2175	1.912
2176	2.003
2177	1.965
2178	1.866
2179	1.594
2180	1.208
2181	1.825
2182	1.761
2183	1.967
2184	2.003
2185	1.956
2186	1.809
2187	2.354
2188	2.147
2189	1.602
2190	2.001
2191	2.337
2192	1.824
2193	2.451
2194	1.975
2195	1.56
2196	1.892
2197	2.18
2198	1.905
2199	1.115
2200	1.865
2201	2.657
2202	1.975
2203	2.937
2204	2.336
2205	2.205
2206	2.399
2207	2.024
2208	1.686
2209	1.758
2210	2.292
2211	1.619
2212	2.247
2213	1.808
2214	1.903
2215	2.508
2216	2.483
2217	2.313
2218	1.874
2219	3.055
2220	2.748
2221	2.258
2222	1.864
2223	2.11
2224	1.776
2225	2.081
2226	2.193
2227	2.398
2228	1.918
2229	1.446
2230	2.178
2231	2.245
2232	2.959
2233	1.96
2234	2.125
2235	2.316
2236	2.052
2237	2.119
2238	1.498
2239	1.498
2240	1.411
2241	2.074
2242	2.569
2243	1.688
2244	2.728
2245	2.686
2246	1.791
2247	1.873
2248	2.187
2249	2.097
2250	2.063
2251	2.833
2252	2.311
2253	1.297
2254	2.011
2255	1.811
2256	2.083
2257	1.567
2258	2.422
2259	1.752
2260	1.927
2261	1.927
2262	1.524
2263	2.219
2264	1.763
2265	1.764
2266	1.791
2267	2.12
2268	2.076
2269	2.588
2270	2.301
2271	2.643
2272	1.673
2273	1.851
2274	1.512
2275	1.418
2276	1.418
2277	1.626
2278	1.744
2279	1.897
2280	1.724
2281	1.623
2282	1.924
2283	1.786
2284	1.586
2285	1.802
2286	2.263
2287	2.398
2288	2.35
2289	2.39
2290	2.011
2291	2.509
2292	2.995
2293	2.955
2294	2.281
2295	1.831
2296	1.308
2297	2.13
2298	2.181
2299	1.644
2300	2.442
2301	3.011
2302	2.787
2303	2.1
2304	1.305
2305	1.838
2306	1.482
2307	2.034
2308	2.58
2309	1.472
2310	1.607
2311	1.9
2312	2.271
2313	1.761
2314	1.399
2315	2.001
2316	2.533
2317	2.403
2318	2.366
2319	1.516
2320	2.228
2321	1.958
2322	2.158
2323	1.608
2324	1.881
2325	2.045
2326	2.567
2327	1.575
2328	2.032
2329	1.576
2330	2.025
2331	2.212
2332	2.704
2333	1.774
2334	1.435
2335	1.897
2336	1.694
2337	1.948
2338	2.396
2339	2.863
2340	2.163
2341	2.133
2342	3.012
2343	2.26
2344	2.433
2345	2.722
2346	1.079
2347	1.079
2348	1.598
2349	2.534
2350	1.827
2351	2.394
2352	1.786
2353	2.027
2354	2.649
2355	2.583
2356	2.42
2357	2.449
2358	1.887
2359	2.884
2360	1.785
2361	1.928
2362	2.585
2363	2.193
2364	2.234
2365	1.932
2366	2.001
2367	1.877
2368	2.301
2369	2.38
2370	2.713
2371	2.035
2372	3.04
2373	2.186
2374	1.783
2375	2.307
2376	1.582
2377	1.85
2378	2.363
2379	2.051
2380	2.051
2381	2.051
2382	2.251
2383	3.024
2384	2.055
2385	2.019
2386	2.577
2387	1.817
2388	1.686
2389	1.619
2390	1.301
2391	1.9
2392	2.129
2393	1.899
2394	1.446
2395	1.86
2396	1.662
2397	2.374
2398	1.829
2399	2.287
2400	2.062
2401	2.439
2402	1.681
2403	1.634
2404	1.641
2405	1.888
2406	1.703
2407	2.421
2408	1.924
2409	1.898
2410	1.936
2411	2.364
2412	1.654
2413	2.472
2414	3.502
2415	2.126
2416	1.781
2417	1.504
2418	1.97
2419	1.888
2420	2.196
2421	1.867
2422	2.697
2423	1.671
2424	1.915
2425	1.337
2426	2.12
2427	1.978
2428	2.09
2429	2.705
2430	1.919
2431	1.384
2432	1.138
2433	1.747
2434	2.158
2435	1.915
2436	1.961
2437	2.493
2438	2.434
2439	2.599
2440	2.541
2441	2.154
2442	1.74
2443	1.993
2444	1.963
2445	2.936
2446	1.802
2447	1.902
2448	1.744
2449	1.879
2450	2.274
2451	2.219
2452	2.064
2453	2.004
2454	2.054
2455	2.519
2456	1.979
2457	2.244
2458	1.707
2459	1.984
2460	1.572
2461	2.001
2462	1.734
2463	1.426
2464	1.956
2465	2.062
2466	2.35
2467	1.995
2468	1.865
2469	2.793
2470	2.195
2471	2.392
2472	2.069
2473	2.184
2474	2.362
2475	2.422
2476	2.016
2477	1.899
2478	2.068
2479	2.53
2480	1.509
2481	1.637
2482	3.12
2483	2.852
2484	2.264
2485	2.324
2486	1.888
2487	2.554
2488	1.363
2489	1.32
2490	1.294
2491	1.949
2492	1.608
2493	2.284
2494	2.059
2495	1.695
2496	1.613
2497	1.613
2498	2.332
2499	2.089
2500	1.971
2501	3.1
2502	2.13
2503	1.709
2504	1.916
2505	1.899
2506	2.391
2507	2.853
2508	2.66
2509	1.909
2510	1.635
2511	2.128
2512	2.04
2513	1.956
2514	2.945
2515	2.518
2516	2.833
2517	2.785
2518	2.603
2519	1.443
2520	3.035
2521	2.331
2522	2.356
2523	2.45
2524	2.45
2525	1.942
2526	2.145
2527	2.356
2528	1.659
2529	2.455
2530	2.328
2531	1.778
2532	2.39
2533	1.957
2534	1.9
2535	1.706
2536	2.115
2537	2.285
2538	2.18
2539	2.229
2540	1.663
2541	2.537
2542	2.004
2543	2.019
2544	2.133
2545	2.584
2546	2.544
2547	1.23
2548	1.889
2549	1.913
2550	1.494
2551	2.15
2552	1.87
2553	2.351
2554	2.637
2555	2.264
2556	2.748
2557	2.634
2558	2.049
2559	2.027
2560	1.925
2561	1.808
2562	1.808
2563	2.193
2564	2.379
2565	2.359
2566	2.465
2567	1.792
2568	1.926
2569	2.213
2570	2.213
2571	2.067
2572	2.367
2573	2.579
2574	1.396
2575	2.155
2576	1.987
2577	2.129
2578	2.115
2579	2.689
2580	2.524
2581	1.591
2582	2.123
2583	2.261
2584	2.36
2585	2.109
2586	1.876
2587	2.118
2588	1.805
2589	2.131
2590	2.312
2591	2.489
2592	2.997
2593	3.064
2594	2.065
2595	1.535
2596	2.403
2597	2.083
2598	1.551
2599	2.622
2600	2.113
2601	2.728
2602	2.285
2603	1.614
2604	2.526
2605	2.361
2606	1.845
2607	1.916
2608	2.205
2609	1.998
2610	1.727
2611	2.284
2612	1.724
2613	1.797
2614	2.298
2615	1.586
2616	1.665
2617	2.214
2618	1.931
2619	1.675
2620	2.256
2621	2.479
2622	1.292
2623	2.817
2624	2.977
2625	2.027
2626	1.989
2627	1.699
2628	2.447
2629	2.331
2630	2.26
2631	2.388
2632	2.296
2633	2.006
2634	2.654
2635	2.483
2636	1.717
2637	2.331
2638	2.595
2639	2.285
2640	1.875
2641	1.848
2642	1.902
2643	1.578
2644	2.475
2645	2.092
2646	2.47
2647	3.0
2648	2.544
2649	2.382
2650	1.867
2651	2.018
2652	2.156
2653	2.339
2654	2.339
2655	2.099
2656	2.273
2657	2.007
2658	2.446
2659	2.581
2660	2.311
2661	1.327
2662	1.913
2663	1.835
2664	1.483
2665	2.455
2666	2.574
2667	2.922
2668	2.075
2669	1.516
2670	1.851
2671	1.896
2672	1.638
2673	1.828
2674	1.87
2675	1.581
2676	2.082
2677	1.985
2678	2.491
2679	2.169
2680	2.018
2681	2.613
2682	3.041
2683	1.942
2684	2.326
2685	1.804
2686	1.592
2687	2.119
2688	2.976
2689	2.686
2690	2.893
2691	3.311
2692	1.537
2693	1.506
2694	2.473
2695	2.748
2696	2.321
2697	2.735
2698	2.376
2699	3.012
2700	3.195
2701	1.886
2702	1.954
2703	1.85
2704	1.541
2705	1.746
2706	1.64
2707	1.92
2708	1.946
2709	2.252
2710	3.029
2711	2.105
2712	2.433
2713	2.099
2714	2.1
2715	1.999
2716	2.481
2717	2.286
2718	1.835
2719	2.064
2720	1.951
2721	2.157
2722	2.148
2723	2.079
2724	1.938
2725	1.512
2726	2.564
2727	2.016
2728	2.394
2729	1.95
2730	1.795
2731	2.687
2732	2.56
2733	2.483
2734	1.838
2735	2.162
2736	3.015
2737	2.615
2738	2.495
2739	2.09
2740	2.011
2741	2.011
2742	2.3
2743	2.479
2744	2.232
2745	1.574
2746	1.649
2747	1.537
2748	2.113
2749	1.28
2750	2.027
2751	2.014
2752	2.298
2753	2.369
2754	2.787
2755	1.899
2756	2.069
2757	1.38
2758	2.202
2759	1.706
2760	1.749
2761	2.117
2762	2.031
2763	2.47
2764	2.262
2765	2.106
2766	1.836
2767	1.96
2768	2.269
2769	2.124
2770	2.464
2771	2.42
2772	1.776
2773	1.564
2774	1.867
2775	1.132
2776	1.132
2777	1.047
2778	1.396
2779	2.449
2780	2.176
2781	2.63
2782	2.624
2783	3.034
2784	2.335
2785	2.227
2786	1.636
2787	1.817
2788	2.019
2789	2.814
2790	2.344
2791	2.179
2792	2.4
2793	1.987
2794	2.243
2795	1.753
2796	1.772
2797	1.701
2798	1.88
2799	2.659
2800	1.893
2801	1.789
2802	2.261
2803	1.901
2804	2.389
2805	1.994
2806	2.423
2807	2.5
2808	2.197
2809	2.515
2810	1.939
2811	2.103
2812	1.76
2813	2.514
2814	2.619
2815	2.325
2816	1.799
2817	1.971
2818	2.056
2819	1.502
2820	1.596
2821	1.548
2822	2.5
2823	2.338
2824	2.077
2825	2.442
2826	2.072
2827	2.553
2828	2.207
2829	2.436
2830	1.634
2831	2.61
2832	1.635
2833	3.135
2834	1.933
2835	1.941
2836	2.13
2837	2.306
2838	2.554
2839	2.216
2840	2.18
2841	2.471
2842	1.765
2843	1.961
2844	1.66
2845	1.629
2846	2.418
2847	2.141
2848	1.974
2849	2.345
2850	1.446
2851	2.358
2852	1.802
2853	1.575
2854	1.889
2855	1.971
2856	2.525
2857	1.885
2858	1.483
2859	2.36
2860	2.094
2861	1.729
2862	1.895
2863	1.576
2864	1.805
2865	2.125
2866	1.78
2867	2.384
2868	1.565
2869	1.348
2870	2.552
2871	2.335
2872	2.724
2873	2.886
2874	1.543
2875	1.748
2876	1.957
2877	2.046
2878	2.547
2879	1.922
2880	2.278
2881	2.867
2882	2.605
2883	2.033
2884	1.902
2885	2.273
2886	2.143
2887	1.562
2888	2.316
2889	2.476
2890	2.211
2891	2.099
2892	2.688
2893	1.871
2894	1.871
2895	1.781
2896	1.515
2897	2.509
2898	2.11
2899	1.821
2900	2.314
2901	2.298
2902	1.834
2903	1.8
2904	2.023
2905	1.976
2906	2.514
2907	2.428
2908	2.405
2909	2.58
2910	2.394
2911	2.532
2912	1.989
2913	2.099
2914	1.803
2915	1.894
2916	2.842
2917	2.107
2918	2.028
2919	1.965
2920	2.567
2921	2.172
2922	1.862
2923	2.127
2924	2.221
2925	1.951
2926	1.952
2927	1.628
2928	2.089
2929	2.294
2930	2.081
2931	1.787
2932	2.075
2933	1.664
2934	2.028
2935	2.142
2936	1.897
2937	1.939
2938	1.997
2939	2.174
2940	2.688
2941	2.549
2942	2.291
2943	1.427
2944	1.992
2945	2.087
2946	2.087
2947	2.863
2948	2.222
2949	2.895
2950	2.246
2951	1.702
2952	2.371
2953	2.371
2954	1.817
2955	1.93
2956	2.096
2957	1.367
2958	1.659
2959	1.615
2960	1.36
2961	1.621
2962	2.053
2963	1.771
2964	1.504
2965	1.8
2966	2.265
2967	2.822
2968	2.509
2969	2.575
2970	2.279
2971	2.154
2972	2.884
2973	2.199
2974	2.279
2975	1.658
2976	2.354
2977	1.988
2978	2.393
2979	1.679
2980	1.426
2981	1.56
2982	2.167
2983	2.05
2984	1.928
2985	1.692
2986	1.68
2987	2.01
2988	2.057
2989	2.597
2990	2.597
2991	2.797
2992	2.242
2993	1.891
2994	2.87
2995	1.578
2996	2.302
2997	1.689
2998	1.928
2999	2.223
3000	2.589
2001	241.2
2002	264.5
2003	269.7
2004	247.2
2005	272.7
2006	261.2
2007	264.1
2008	258.8
2009	219.9
2010	240.1
2011	240.4
2012	239.8
2013	269.2
2014	278.3
2015	227.3
2016	264.6
2017	262.7
2018	303.7
2019	247.7
2020	285.9
2021	272.0
2022	290.0
2023	318.6
2024	244.6
2025	256.1
2026	224.7
2027	267.4
2028	251.2
2029	341.9
2030	302.7
2031	292.6
2032	246.7
2033	312.6
2034	334.2
2035	265.6
2036	273.4
2037	233.3
2038	278.1
2039	287.9
2040	288.0
2041	300.1
2042	245.3
2043	294.4
2044	256.5
2045	239.6
2046	231.6
2047	244.1
2048	280.1
2049	240.0
2050	285.5
2051	242.5
2052	245.8
2053	284.0
2054	293.2
2055	272.8
2056	233.9
2057	264.8
2058	239.8
2059	243.0
2060	243.7
2061	291.4
2062	262.6
2063	260.9
2064	245.2
2065	252.4
2066	251.9
2067	285.1
2068	270.4
2069	271.1
2070	298.6
2071	330.4
2072	244.5
2073	298.1
2074	305.7
2075	282.9
2076	268.1
2077	279.6
2078	249.2
2079	266.9
2080	293.8
2081	271.2
2082	266.6
2083	232.8
2084	260.7
2085	275.6
2086	309.0
2087	299.2
2088	264.4
2089	284.9
2090	259.2
2091	259.0
2092	252.7
2093	285.3
2094	267.9
2095	250.0
2096	243.7
2097	290.2
2098	259.8
2099	293.0
2100	311.5
2101	295.0
2102	248.0
2103	246.6
2104	244.7
2105	291.9
2106	278.3
2107	275.8
2108	261.3
2109	255.7
2110	241.0
2111	266.1
2112	329.9
2113	309.0
2114	284.6
2115	279.2
2116	218.7
2117	252.2
2118	245.1
2119	268.6
2120	291.8
2121	235.3
2122	247.1
2123	230.5
2124	246.3
2125	267.0
2126	264.0
2127	262.0
2128	313.3
2129	288.8
2130	237.5
2131	226.5
2132	304.7
2133	274.8
2134	281.7
2135	289.5
2136	240.4
2137	283.5
2138	249.3
2139	317.2
2140	266.5
2141	290.3
2142	240.7
2143	244.3
2144	262.0
2145	225.5
2146	289.2
2147	262.1
2148	261.8
2149	259.1
2150	263.0
2151	229.1
2152	302.0
2153	234.5
2154	269.1
2155	265.3
2156	254.1
2157	259.3
2158	249.0
2159	229.7
2160	239.4
2161	220.8
2162	220.8
2163	248.7
2164	229.0
2165	236.2
2166	312.9
2167	234.9
2168	292.4
2169	241.4
2170	278.5
2171	322.5
2172	262.5
2173	267.1
2174	247.2
2175	239.2
2176	236.3
2177	284.9
2178	239.9
2179	249.3
2180	354.6
2181	261.6
2182	306.5
2183	263.1
2184	292.5
2185	266.5
2186	304.1
2187	260.2
2188	259.4
2189	327.1
2190	262.9
2191	297.4
2192	268.2
2193	272.4
2194	293.1
2195	273.7
2196	304.9
2197	261.0
2198	279.7
2199	332.5
2200	270.3
2201	235.1
2202	309.3
2203	224.1
2204	274.2
2205	246.8
2206	252.0
2207	252.7
2208	266.9
2209	310.2
2210	249.4
2211	259.1
2212	268.6
2213	253.7
2214	275.6
2215	235.1
2216	254.1
2217	272.5
2218	268.0
2219	217.2
2220	271.1
2221	282.6
2222	291.1
2223	306.0
2224	280.1
2225	274.4
2226	243.1
2227	239.9
2228	263.6
2229	283.3
2230	248.5
2231	231.1
2232	246.8
2233	289.5
2234	299.2
2235	267.6
2236	315.0
2237	238.9
2238	282.5
2239	271.9
2240	253.0
2241	290.4
2242	251.5
2243	302.6
2244	237.9
2245	276.6
2246	301.3
2247	288.7
2248	257.3
2249	253.8
2250	224.0
2251	227.9
2252	248.5
2253	266.3
2254	229.6
2255	283.6
2256	316.3
2257	309.3
2258	237.1
2259	287.4
2260	303.9
2261	251.7
2262	284.3
2263	212.2
2264	267.0
2265	263.4
2266	278.8
2267	290.8
2268	263.0
2269	232.2
2270	268.1
2271	267.2
2272	279.9
2273	240.3
2274	286.9
2275	311.4
2276	248.3
2277	273.6
2278	331.3
2279	323.2
2280	277.8
2281	269.9
2282	218.6
2283	259.2
2284	285.3
2285	283.0
2286	278.7
2287	242.4
2288	307.1
2289	277.9
2290	244.1
2291	247.3
2292	267.1
2293	250.5
2294	235.8
2295	260.8
2296	314.6
2297	241.3
2298	262.9
2299	246.9
2300	267.0
2301	249.4
2302	242.4
2303	246.8
2304	340.3
2305	294.0
2306	273.7
2307	259.9
2308	257.7
2309	331.9
2310	276.6
2311	250.3
2312	248.3
2313	258.4
2314	305.4
2315	254.4
2316	209.4
2317	243.8
2318	265.2
2319	295.3
2320	284.5
2321	248.2
2322	245.1
2323	243.9
2324	288.8
2325	276.1
2326	250.6
2327	286.4
2328	273.4
2329	276.6
2330	247.7
2331	251.3
2332	233.0
2333	248.1
2334	270.0
2335	291.9
2336	331.5
2337	255.4
2338	235.1
2339	260.9
2340	244.3
2341	233.7
2342	226.7
2343	281.9
2344	243.7
2345	214.9
2346	286.6
2347	287.3
2348	250.8
2349	249.9
2350	253.8
2351	230.0
2352	256.3
2353	239.3
2354	227.0
2355	247.7
2356	274.2
2357	256.1
2358	260.6
2359	222.7
2360	283.1
2361	284.5
2362	250.9
2363	249.2
2364	251.0
2365	266.5
2366	246.2
2367	253.1
2368	258.3
2369	267.5
2370	212.4
2371	273.0
2372	222.9
2373	269.0
2374	240.8
2375	254.9
2376	292.2
2377	270.4
2378	269.2
2379	267.6
2380	295.1
2381	250.5
2382	250.8
2383	213.3
2384	262.9
2385	304.5
2386	249.1
2387	302.1
2388	275.4
2389	242.7
2390	289.8
2391	259.3
2392	244.5
2393	254.8
2394	265.8
2395	258.3
2396	271.8
2397	262.5
2398	276.0
2399	265.2
2400	275.0
2401	262.0
2402	291.7
2403	310.0
2404	290.7
2405	242.1
2406	298.1
2407	257.7
2408	291.6
2409	282.1
2410	273.6
2411	262.9
2412	283.3
2413	261.1
2414	230.0
2415	272.2
2416	296.7
2417	261.1
2418	262.3
2419	255.3
2420	270.2
2421	237.9
2422	230.3
2423	247.6
2424	263.3
2425	270.5
2426	242.5
2427	259.5
2428	272.5
2429	257.6
2430	260.3
2431	306.5
2432	293.9
2433	263.7
2434	306.9
2435	304.9
2436	246.7
2437	240.4
2438	247.8
2439	256.6
2440	250.7
2441	265.1
2442	269.1
2443	240.3
2444	265.1
2445	205.1
2446	255.1
2447	274.1
2448	250.6
2449	214.2
2450	276.1
2451	238.5
2452	267.3
2453	254.2
2454	253.4
2455	222.4
2456	279.3
2457	233.9
2458	250.8
2459	238.5
2460	296.0
2461	272.2
2462	282.7
2463	313.0
2464	290.1
2465	283.6
2466	267.6
2467	255.4
2468	232.2
2469	224.8
2470	259.1
2471	258.0
2472	273.5
2473	291.7
2474	268.3
2475	272.7
2476	284.9
2477	299.2
2478	261.2
2479	288.0
2480	291.5
2481	289.4
2482	287.0
2483	226.8
2484	286.5
2485	251.6
2486	269.4
2487	242.6
2488	269.0
2489	325.3
2490	316.7
2491	260.0
2492	262.2
2493	237.5
2494	255.9
2495	267.0
2496	327.4
2497	320.2
2498	244.3
2499	277.7
2500	304.5
2501	221.0
2502	248.3
2503	268.7
2504	278.5
2505	298.4
2506	240.6
2507	253.5
2508	235.7
2509	265.9
2510	305.1
2511	274.4
2512	286.5
2513	307.0
2514	268.3
2515	267.6
2516	297.8
2517	283.0
2518	268.4
2519	278.1
2520	219.3
2521	268.4
2522	279.7
2523	244.4
2524	286.7
2525	298.3
2526	322.9
2527	269.5
2528	297.9
2529	255.7
2530	251.9
2531	301.9
2532	293.5
2533	256.1
2534	288.2
2535	254.6
2536	244.3
2537	292.5
2538	319.9
2539	264.3
2540	280.5
2541	246.2
2542	300.7
2543	266.6
2544	246.8
2545	245.7
2546	231.1
2547	303.8
2548	276.9
2549	242.4
2550	300.0
2551	229.1
2552	279.4
2553	280.2
2554	280.9
2555	261.6
2556	233.2
2557	240.9
2558	284.7
2559	291.8
2560	283.7
2561	265.1
2562	276.3
2563	278.2
2564	262.1
2565	229.8
2566	259.7
2567	260.1
2568	248.4
2569	251.4
2570	223.1
2571	290.7
2572	282.7
2573	239.7
2574	289.3
2575	248.2
2576	294.7
2577	233.0
2578	235.4
2579	217.4
2580	278.8
2581	290.2
2582	245.1
2583	236.6
2584	247.9
2585	241.2
2586	273.2
2587	256.1
2588	316.0
2589	263.7
2590	261.3
2591	292.1
2592	254.5
2593	262.5
2594	239.2
2595	303.6
2596	251.0
2597	248.3
2598	308.2
2599	271.4
2600	211.7
2601	239.5
2602	265.3
2603	263.8
2604	262.8
2605	254.0
2606	258.9
2607	252.0
2608	291.0
2609	314.4
2610	303.2
2611	279.1
2612	303.1
2613	263.0
2614	240.9
2615	301.8
2616	263.5
2617	240.2
2618	261.5
2619	263.1
2620	249.6
2621	240.0
2622	259.4
2623	224.7
2624	275.1
2625	287.2
2626	253.7
2627	254.8
2628	258.6
2629	273.5
2630	254.7
2631	273.1
2632	259.0
2633	262.2
2634	254.9
2635	249.6
2636	324.1
2637	250.0
2638	282.4
2639	247.7
2640	244.0
2641	254.6
2642	270.9
2643	304.9
2644	237.7
2645	281.9
2646	257.3
2647	248.2
2648	245.3
2649	232.5
2650	307.9
2651	237.4
2652	238.4
2653	226.7
2654	258.2
2655	282.9
2656	251.6
2657	314.6
2658	276.7
2659	265.8
2660	271.6
2661	335.5
2662	270.7
2663	312.2
2664	306.7
2665	260.4
2666	283.6
2667	267.3
2668	267.4
2669	290.8
2670	258.7
2671	260.9
2672	293.3
2673	285.0
2674	258.2
2675	300.1
2676	264.1
2677	289.2
2678	249.0
2679	277.3
2680	269.0
2681	219.5
2682	240.9
2683	256.4
2684	265.3
2685	310.4
2686	263.9
2687	261.7
2688	200.4
2689	260.0
2690	224.3
2691	228.9
2692	307.1
2693	268.6
2694	246.6
2695	264.4
2696	275.8
2697	237.2
2698	277.4
2699	241.5
2700	258.4
2701	260.9
2702	303.2
2703	248.8
2704	295.8
2705	307.8
2706	275.9
2707	246.5
2708	244.7
2709	270.0
2710	251.5
2711	273.1
2712	238.3
2713	284.3
2714	276.4
2715	277.9
2716	270.1
2717	250.8
2718	285.8
2719	263.5
2720	264.9
2721	248.9
2722	270.2
2723	245.0
2724	261.2
2725	294.7
2726	229.0
2727	232.0
2728	227.4
2729	307.0
2730	304.3
2731	263.4
2732	258.9
2733	237.8
2734	281.9
2735	272.0
2736	237.6
2737	254.1
2738	254.1
2739	260.9
2740	257.2
2741	278.4
2742	291.4
2743	273.5
2744	264.3
2745	277.4
2746	295.2
2747	332.6
2748	262.0
2749	322.4
2750	271.4
2751	270.6
2752	255.3
2753	259.0
2754	238.3
2755	277.3
2756	237.6
2757	288.0
2758	262.3
2759	318.3
2760	284.3
2761	302.0
2762	266.7
2763	305.3
2764	298.4
2765	252.6
2766	272.0
2767	232.5
2768	225.9
2769	244.5
2770	248.5
2771	261.5
2772	304.9
2773	301.0
2774	282.0
2775	313.9
2776	343.2
2777	313.0
2778	267.1
2779	225.6
2780	238.6
2781	249.1
2782	238.1
2783	211.9
2784	236.0
2785	237.7
2786	267.1
2787	271.2
2788	285.0
2789	250.8
2790	249.8
2791	289.6
2792	239.9
2793	297.5
2794	296.7
2795	280.1
2796	267.6
2797	329.8
2798	321.9
2799	247.9
2800	230.2
2801	257.5
2802	285.3
2803	271.7
2804	232.9
2805	268.7
2806	268.3
2807	295.3
2808	265.1
2809	249.6
2810	277.5
2811	338.6
2812	299.0
2813	222.7
2814	272.1
2815	247.6
2816	267.0
2817	284.5
2818	252.2
2819	300.0
2820	270.9
2821	261.4
2822	222.0
2823	253.2
2824	278.5
2825	247.0
2826	293.0
2827	228.0
2828	286.9
2829	247.4
2830	266.5
2831	232.9
2832	250.7
2833	236.2
2834	258.5
2835	256.5
2836	304.8
2837	290.5
2838	276.6
2839	276.6
2840	224.4
2841	272.1
2842	276.3
2843	246.9
2844	265.1
2845	260.6
2846	232.3
2847	246.2
2848	281.3
2849	234.8
2850	277.8
2851	249.1
2852	261.2
2853	295.3
2854	287.2
2855	267.6
2856	287.7
2857	280.9
2858	297.6
2859	243.1
2860	292.5
2861	275.0
2862	298.7
2863	289.0
2864	278.8
2865	242.9
2866	282.9
2867	226.7
2868	269.1
2869	272.8
2870	221.3
2871	251.1
2872	224.6
2873	243.7
2874	273.6
2875	268.8
2876	289.1
2877	244.2
2878	236.2
2879	279.4
2880	258.7
2881	231.8
2882	233.2
2883	250.9
2884	256.1
2885	254.0
2886	267.5
2887	255.2
2888	219.4
2889	290.0
2890	265.0
2891	244.4
2892	245.7
2893	296.4
2894	283.9
2895	269.1
2896	272.2
2897	288.7
2898	301.5
2899	250.0
2900	242.7
2901	277.1
2902	291.6
2903	290.3
2904	275.5
2905	269.3
2906	276.8
2907	227.5
2908	258.4
2909	229.1
2910	234.7
2911	256.3
2912	337.4
2913	255.6
2914	296.5
2915	271.6
2916	229.5
2917	246.6
2918	255.1
2919	248.5
2920	233.1
2921	257.6
2922	268.0
2923	296.5
2924	261.4
2925	254.2
2926	246.6
2927	285.0
2928	264.2
2929	240.9
2930	271.9
2931	261.1
2932	281.5
2933	307.1
2934	280.1
2935	253.0
2936	271.8
2937	245.8
2938	236.0
2939	223.8
2940	227.7
2941	228.8
2942	218.6
2943	282.7
2944	240.9
2945	279.9
2946	235.3
2947	218.2
2948	239.4
2949	256.0
2950	236.0
2951	278.6
2952	240.5
2953	294.1
2954	280.0
2955	256.4
2956	253.7
2957	325.0
2958	290.9
2959	335.6
2960	373.0
2961	333.8
2962	253.3
2963	275.8
2964	287.5
2965	252.9
2966	294.2
2967	270.1
2968	236.2
2969	224.8
2970	259.1
2971	262.1
2972	221.0
2973	261.7
2974	274.4
2975	260.2
2976	221.5
2977	269.1
2978	279.6
2979	287.9
2980	283.0
2981	343.5
2982	270.9
2983	307.3
2984	327.9
2985	298.5
2986	317.7
2987	273.2
2988	280.1
2989	254.9
2990	245.0
2991	227.5
2992	243.9
2993	273.8
2994	226.8
2995	274.1
2996	234.1
2997	299.2
2998	274.0
2999	235.1
3000	236.5
2001	0.3525
2002	0.3439
2003	0.3793
2004	0.4173
2005	0.392
2006	0.3596
2007	0.3424
2008	0.2727
2009	0.4561
2010	0.467
2011	0.3701
2012	0.3876
2013	0.3243
2014	0.4385
2015	0.4804
2016	0.4496
2017	0.376
2018	0.3138
2019	0.4052
2020	0.318
2021	0.4237
2022	0.336
2023	0.3338
2024	0.4327
2025	0.4158
2026	0.4035
2027	0.3429
2028	0.3608
2029	0.3213
2030	0.3195
2031	0.3496
2032	0.455
2033	0.3269
2034	0.3343
2035	0.4385
2036	0.3657
2037	0.382
2038	0.3524
2039	0.381
2040	0.4096
2041	0.4035
2042	0.4145
2043	0.3991
2044	0.4693
2045	0.4155
2046	0.4456
2047	0.4591
2048	0.4118
2049	0.349
2050	0.3591
2051	0.4547
2052	0.5156
2053	0.2609
2054	0.3383
2055	0.3727
2056	0.3928
2057	0.3549
2058	0.4297
2059	0.3748
2060	0.4378
2061	0.3536
2062	0.514
2063	0.5106
2064	0.5002
2065	0.399
2066	0.4276
2067	0.4074
2068	0.4187
2069	0.422
2070	0.3829
2071	0.3835
2072	0.478
2073	0.3007
2074	0.3185
2075	0.383
2076	0.355
2077	0.3064
2078	0.32
2079	0.399
2080	0.3101
2081	0.3789
2082	0.3983
2083	0.3774
2084	0.3718
2085	0.3575
2086	0.3339
2087	0.2981
2088	0.4214
2089	0.3522
2090	0.3914
2091	0.4003
2092	0.3752
2093	0.4248
2094	0.2842
2095	0.3492
2096	0.4503
2097	0.4503
2098	0.4193
2099	0.4064
2100	0.4367
2101	0.4323
2102	0.4759
2103	0.3977
2104	0.3522
2105	0.3923
2106	0.4186
2107	0.435
2108	0.4636
2109	0.3452
2110	0.4597
2111	0.3092
2112	0.4181
2113	0.3806
2114	0.3731
2115	0.3589
2116	0.4343
2117	0.394
2118	0.3698
2119	0.3767
2120	0.3523
2121	0.4025
2122	0.4524
2123	0.4223
2124	0.3839
2125	0.366
2126	0.4444
2127	0.4354
2128	0.4165
2129	0.4165
2130	0.5558
2131	0.5271
2132	0.4112
2133	0.3972
2134	0.4287
2135	0.4432
2136	0.4037
2137	0.3891
2138	0.3768
2139	0.283
2140	0.4655
2141	0.3822
2142	0.4438
2143	0.3493
2144	0.4157
2145	0.4746
2146	0.4044
2147	0.4402
2148	0.3782
2149	0.3547
2150	0.4196
2151	0.3273
2152	0.2948
2153	0.4063
2154	0.3606
2155	0.4166
2156	0.4198
2157	0.4047
2158	0.409
2159	0.3537
2160	0.4275
2161	0.514
2162	0.3872
2163	0.4304
2164	0.3709
2165	0.3943
2166	0.3119
2167	0.4312
2168	0.4528
2169	0.4549
2170	0.3921
2171	0.4204
2172	0.4612
2173	0.4761
2174	0.3769
2175	0.4015
2176	0.4136
2177	0.3764
2178	0.4291
2179	0.498
2180	0.4413
2181	0.4206
2182	0.3277
2183	0.3756
2184	0.3612
2185	0.3571
2186	0.3763
2187	0.375
2188	0.5284
2189	0.3695
2190	0.3737
2191	0.3979
2192	0.3678
2193	0.3092
2194	0.3199
2195	0.4186
2196	0.3346
2197	0.3757
2198	0.3773
2199	0.3467
2200	0.3962
2201	0.4637
2202	0.3307
2203	0.4018
2204	0.3695
2205	0.4249
2206	0.3705
2207	0.3836
2208	0.4108
2209	0.365
2210	0.4051
2211	0.4464
2212	0.3801
2213	0.457
2214	0.4181
2215	0.4534
2216	0.3349
2217	0.3548
2218	0.4776
2219	0.3802
2220	0.3707
2221	0.4358
2222	0.3627
2223	0.32
2224	0.3873
2225	0.3879
2226	0.4553
2227	0.4741
2228	0.433
2229	0.4221
2230	0.4319
2231	0.4304
2232	0.3208
2233	0.3365
2234	0.3037
2235	0.3098
2236	0.2712
2237	0.4018
2238	0.3644
2239	0.4456
2240	0.437
2241	0.4449
2242	0.3085
2243	0.3391
2244	0.3877
2245	0.3007
2246	0.3257
2247	0.3601
2248	0.4171
2249	0.423
2250	0.4801
2251	0.3978
2252	0.3743
2253	0.4375
2254	0.4401
2255	0.435
2256	0.3241
2257	0.3463
2258	0.3934
2259	0.4388
2260	0.3308
2261	0.3981
2262	0.4198
2263	0.4978
2264	0.4588
2265	0.4053
2266	0.3901
2267	0.4189
2268	0.3497
2269	0.3744
2270	0.338
2271	0.297
2272	0.4414
2273	0.4452
2274	0.4131
2275	0.3753
2276	0.4505
2277	0.4318
2278	0.3113
2279	0.349
2280	0.4276
2281	0.3994
2282	0.4668
2283	0.4769
2284	0.4423
2285	0.3587
2286	0.3427
2287	0.3503
2288	0.3317
2289	0.3124
2290	0.4865
2291	0.3436
2292	0.3005
2293	0.4011
2294	0.4233
2295	0.4808
2296	0.4013
2297	0.3832
2298	0.3921
2299	0.4497
2300	0.4151
2301	0.3104
2302	0.3608
2303	0.4019
2304	0.4055
2305	0.3441
2306	0.4682
2307	0.383
2308	0.364
2309	0.3539
2310	0.448
2311	0.4618
2312	0.4555
2313	0.4466
2314	0.4446
2315	0.3875
2316	0.4357
2317	0.3869
2318	0.3945
2319	0.4164
2320	0.3381
2321	0.4294
2322	0.3785
2323	0.44
2324	0.4405
2325	0.3988
2326	0.3395
2327	0.4005
2328	0.3741
2329	0.487
2330	0.4173
2331	0.4388
2332	0.4042
2333	0.4207
2334	0.4977
2335	0.3699
2336	0.4006
2337	0.373
2338	0.3372
2339	0.3255
2340	0.4483
2341	0.4229
2342	0.3567
2343	0.3567
2344	0.3456
2345	0.5209
2346	0.4498
2347	0.4767
2348	0.4498
2349	0.4436
2350	0.4127
2351	0.4057
2352	0.5478
2353	0.4984
2354	0.4053
2355	0.3577
2356	0.3577
2357	0.4312
2358	0.3546
2359	0.427
2360	0.355
2361	0.355
2362	0.3757
2363	0.3865
2364	0.4852
2365	0.4022
2366	0.4285
2367	0.4402
2368	0.442
2369	0.3627
2370	0.4182
2371	0.3955
2372	0.3036
2373	0.3745
2374	0.4516
2375	0.3836
2376	0.3763
2377	0.3949
2378	0.3788
2379	0.3555
2380	0.4225
2381	0.4721
2382	0.4601
2383	0.4059
2384	0.4052
2385	0.2946
2386	0.3674
2387	0.3424
2388	0.4017
2389	0.518
2390	0.4264
2391	0.4264
2392	0.4016
2393	0.4851
2394	0.4638
2395	0.4638
2396	0.4286
2397	0.391
2398	0.4006
2399	0.3709
2400	0.3793
2401	0.3887
2402	0.3323
2403	0.4107
2404	0.4148
2405	0.3893
2406	0.3739
2407	0.4254
2408	0.355
2409	0.4076
2410	0.3834
2411	0.3823
2412	0.3851
2413	0.2969
2414	0.3369
2415	0.4172
2416	0.3971
2417	0.413
2418	0.4293
2419	0.3734
2420	0.3734
2421	0.4592
2422	0.4159
2423	0.4171
2424	0.4212
2425	0.4906
2426	0.3995
2427	0.3843
2428	0.4276
2429	0.3898
2430	0.4459
2431	0.3755
2432	0.4301
2433	0.4664
2434	0.2424
2435	0.3203
2436	0.4742
2437	0.416
2438	0.39
2439	0.4287
2440	0.342
2441	0.3339
2442	0.4176
2443	0.3892
2444	0.4359
2445	0.4684
2446	0.4015
2447	0.4408
2448	0.5697
2449	0.588
2450	0.2999
2451	0.5178
2452	0.3646
2453	0.3731
2454	0.3496
2455	0.3993
2456	0.3936
2457	0.4091
2458	0.4631
2459	0.4223
2460	0.3641
2461	0.3606
2462	0.4511
2463	0.3679
2464	0.3508
2465	0.3601
2466	0.3468
2467	0.3848
2468	0.5197
2469	0.4084
2470	0.3928
2471	0.357
2472	0.3555
2473	0.3555
2474	0.3654
2475	0.3532
2476	0.3143
2477	0.333
2478	0.4097
2479	0.3009
2480	0.4677
2481	0.3925
2482	0.3581
2483	0.3349
2484	0.3452
2485	0.4088
2486	0.3609
2487	0.3648
2488	0.5068
2489	0.3663
2490	0.4064
2491	0.4064
2492	0.3999
2493	0.4546
2494	0.4487
2495	0.412
2496	0.3324
2497	0.3586
2498	0.4149
2499	0.4059
2500	0.3183
2501	0.376
2502	0.4018
2503	0.4018
2504	0.3973
2505	0.4254
2506	0.4124
2507	0.3784
2508	0.326
2509	0.4343
2510	0.4423
2511	0.4317
2512	0.3604
2513	0.2765
2514	0.3005
2515	0.363
2516	0.2323
2517	0.2988
2518	0.3646
2519	0.408
2520	0.3345
2521	0.3094
2522	0.3372
2523	0.4076
2524	0.2912
2525	0.3849
2526	0.2931
2527	0.3367
2528	0.3938
2529	0.3092
2530	0.4177
2531	0.3637
2532	0.2976
2533	0.3644
2534	0.42
2535	0.4685
2536	0.4475
2537	0.2708
2538	0.2787
2539	0.331
2540	0.389
2541	0.3405
2542	0.369
2543	0.4091
2544	0.3554
2545	0.414
2546	0.414
2547	0.4302
2548	0.3848
2549	0.4662
2550	0.4132
2551	0.4014
2552	0.3529
2553	0.3721
2554	0.3721
2555	0.3589
2556	0.3742
2557	0.3779
2558	0.3334
2559	0.3676
2560	0.4474
2561	0.4074
2562	0.3815
2563	0.3803
2564	0.3256
2565	0.3912
2566	0.3907
2567	0.3843
2568	0.4448
2569	0.4019
2570	0.4484
2571	0.3084
2572	0.3439
2573	0.3713
2574	0.4672
2575	0.4672
2576	0.4182
2577	0.4247
2578	0.4986
2579	0.4276
2580	0.3075
2581	0.4292
2582	0.4676
2583	0.4676
2584	0.3762
2585	0.3943
2586	0.3901
2587	0.363
2588	0.4134
2589	0.3307
2590	0.3557
2591	0.3297
2592	0.2806
2593	0.314
2594	0.5205
2595	0.3545
2596	0.3833
2597	0.383
2598	0.4421
2599	0.3791
2600	0.4298
2601	0.4189
2602	0.4294
2603	0.4294
2604	0.3573
2605	0.4087
2606	0.4838
2607	0.4014
2608	0.294
2609	0.3615
2610	0.3303
2611	0.3515
2612	0.3303
2613	0.4365
2614	0.4177
2615	0.3786
2616	0.4831
2617	0.5015
2618	0.4513
2619	0.4168
2620	0.4143
2621	0.4228
2622	0.4456
2623	0.4309
2624	0.3303
2625	0.3997
2626	0.4173
2627	0.3593
2628	0.361
2629	0.355
2630	0.3306
2631	0.3529
2632	0.3416
2633	0.3432
2634	0.3228
2635	0.365
2636	0.3056
2637	0.3565
2638	0.3373
2639	0.4274
2640	0.456
2641	0.4199
2642	0.4008
2643	0.3781
2644	0.3883
2645	0.3883
2646	0.3932
2647	0.4333
2648	0.3454
2649	0.4744
2650	0.3097
2651	0.3773
2652	0.4071
2653	0.4512
2654	0.3664
2655	0.2949
2656	0.4174
2657	0.3486
2658	0.3489
2659	0.4137
2660	0.3349
2661	0.3551
2662	0.3521
2663	0.367
2664	0.3494
2665	0.3465
2666	0.2787
2667	0.3513
2668	0.3945
2669	0.4158
2670	0.4239
2671	0.489
2672	0.3984
2673	0.3652
2674	0.361
2675	0.4248
2676	0.3491
2677	0.3039
2678	0.3519
2679	0.3674
2680	0.4152
2681	0.3893
2682	0.3717
2683	0.4525
2684	0.3625
2685	0.3012
2686	0.4031
2687	0.4106
2688	0.468
2689	0.3412
2690	0.3646
2691	0.3811
2692	0.3811
2693	0.5289
2694	0.3586
2695	0.3571
2696	0.3282
2697	0.3484
2698	0.3851
2699	0.3767
2700	0.3345
2701	0.3986
2702	0.322
2703	0.4652
2704	0.4052
2705	0.367
2706	0.4257
2707	0.4257
2708	0.4184
2709	0.4055
2710	0.3472
2711	0.3204
2712	0.3815
2713	0.4174
2714	0.404
2715	0.4419
2716	0.3882
2717	0.3443
2718	0.3711
2719	0.3569
2720	0.362
2721	0.3729
2722	0.3533
2723	0.3677
2724	0.4025
2725	0.4573
2726	0.3706
2727	0.4854
2728	0.3902
2729	0.365
2730	0.3079
2731	0.3911
2732	0.3494
2733	0.44
2734	0.3938
2735	0.3387
2736	0.3647
2737	0.3358
2738	0.3012
2739	0.4214
2740	0.3587
2741	0.3847
2742	0.3277
2743	0.3376
2744	0.3966
2745	0.4298
2746	0.3568
2747	0.4008
2748	0.4177
2749	0.4251
2750	0.4043
2751	0.387
2752	0.4144
2753	0.3495
2754	0.3631
2755	0.401
2756	0.3925
2757	0.4665
2758	0.4699
2759	0.3836
2760	0.4037
2761	0.3847
2762	0.3849
2763	0.3397
2764	0.2979
2765	0.3823
2766	0.4101
2767	0.4265
2768	0.4581
2769	0.4355
2770	0.3551
2771	0.3503
2772	0.3404
2773	0.4047
2774	0.4039
2775	0.4477
2776	0.3778
2777	0.4317
2778	0.4438
2779	0.3914
2780	0.412
2781	0.3934
2782	0.4442
2783	0.4356
2784	0.4379
2785	0.3613
2786	0.4025
2787	0.3564
2788	0.3169
2789	0.3091
2790	0.3594
2791	0.3454
2792	0.4205
2793	0.3337
2794	0.3834
2795	0.3761
2796	0.3761
2797	0.3091
2798	0.3439
2799	0.3389
2800	0.4982
2801	0.3893
2802	0.3411
2803	0.3736
2804	0.4697
2805	0.3973
2806	0.3144
2807	0.2946
2808	0.3907
2809	0.4439
2810	0.4118
2811	0.3004
2812	0.3541
2813	0.3587
2814	0.3712
2815	0.3733
2816	0.4381
2817	0.3541
2818	0.45
2819	0.3615
2820	0.4079
2821	0.5028
2822	0.403
2823	0.3679
2824	0.3335
2825	0.3453
2826	0.3453
2827	0.4736
2828	0.3977
2829	0.4674
2830	0.4387
2831	0.4369
2832	0.4071
2833	0.4382
2834	0.3923
2835	0.3744
2836	0.3342
2837	0.2652
2838	0.2982
2839	0.3317
2840	0.434
2841	0.3628
2842	0.372
2843	0.4579
2844	0.4579
2845	0.4579
2846	0.4494
2847	0.4367
2848	0.4423
2849	0.4423
2850	0.4423
2851	0.4128
2852	0.4298
2853	0.363
2854	0.3396
2855	0.46
2856	0.3191
2857	0.3821
2858	0.4023
2859	0.4357
2860	0.3834
2861	0.4199
2862	0.3177
2863	0.339
2864	0.374
2865	0.3981
2866	0.4027
2867	0.5013
2868	0.4388
2869	0.5057
2870	0.4027
2871	0.4344
2872	0.3766
2873	0.4178
2874	0.4312
2875	0.4389
2876	0.3447
2877	0.4311
2878	0.3918
2879	0.3663
2880	0.3766
2881	0.3302
2882	0.4886
2883	0.458
2884	0.355
2885	0.3689
2886	0.3789
2887	0.4683
2888	0.486
2889	0.3366
2890	0.3686
2891	0.378
2892	0.3703
2893	0.3789
2894	0.386
2895	0.3704
2896	0.4783
2897	0.3112
2898	0.3112
2899	0.4531
2900	0.3989
2901	0.3345
2902	0.3966
2903	0.3762
2904	0.3671
2905	0.3671
2906	0.3377
2907	0.3928
2908	0.3928
2909	0.433
2910	0.4024
2911	0.3314
2912	0.3487
2913	0.334
2914	0.3301
2915	0.3714
2916	0.4134
2917	0.4192
2918	0.3326
2919	0.4093
2920	0.4061
2921	0.3986
2922	0.4415
2923	0.3505
2924	0.4069
2925	0.4877
2926	0.4097
2927	0.4237
2928	0.3725
2929	0.4
2930	0.4413
2931	0.4135
2932	0.4387
2933	0.3573
2934	0.3654
2935	0.4143
2936	0.4556
2937	0.3973
2938	0.4771
2939	0.4802
2940	0.4745
2941	0.4308
2942	0.4095
2943	0.4115
2944	0.4757
2945	0.3336
2946	0.4188
2947	0.4282
2948	0.5289
2949	0.34
2950	0.4139
2951	0.3876
2952	0.385
2953	0.3852
2954	0.3857
2955	0.4963
2956	0.4798
2957	0.4067
2958	0.4287
2959	0.4287
2960	0.3146
2961	0.3604
2962	0.3576
2963	0.4725
2964	0.4399
2965	0.4922
2966	0.41
2967	0.3412
2968	0.4301
2969	0.4213
2970	0.3971
2971	0.3576
2972	0.4295
2973	0.2958
2974	0.387
2975	0.4303
2976	0.4768
2977	0.377
2978	0.3227
2979	0.4333
2980	0.4525
2981	0.3283
2982	0.3379
2983	0.3491
2984	0.2955
2985	0.3265
2986	0.4366
2987	0.4018
2988	0.3525
2989	0.3639
2990	0.3728
2991	0.3661
2992	0.4006
2993	0.3605
2994	0.4662
2995	0.3974
2996	0.4128
2997	0.3846
2998	0.3126
2999	0.3977
3000	0.495
2001	116.0
2002	122.0
2003	126.0
2004	118.0
2005	121.0
2006	119.0
2007	120.0
2008	118.0
2009	111.0
2010	117.0
2011	118.0
2012	115.0
2013	123.0
2014	125.0
2015	114.0
2016	120.0
2017	121.0
2018	128.0
2019	117.0
2020	127.0
2021	122.0
2022	127.0
2023	138.0
2024	117.0
2025	120.0
2026	112.0
2027	121.0
2028	117.0
2029	144.0
2030	132.0
2031	127.0
2032	116.0
2033	138.0
2034	141.0
2035	124.0
2036	124.0
2037	114.0
2038	123.0
2039	126.0
2040	125.0
2041	130.0
2042	117.0
2043	129.0
2044	118.0
2045	115.0
2046	113.0
2047	116.0
2048	125.0
2049	115.0
2050	128.0
2051	116.0
2052	115.0
2053	123.0
2054	127.0
2055	123.0
2056	115.0
2057	122.0
2058	115.0
2059	116.0
2060	115.0
2061	127.0
2062	119.0
2063	118.0
2064	116.0
2065	118.0
2066	117.0
2067	126.0
2068	121.0
2069	120.0
2070	129.0
2071	141.0
2072	115.0
2073	131.0
2074	133.0
2075	126.0
2076	121.0
2077	128.0
2078	120.0
2079	122.0
2080	126.0
2081	123.0
2082	121.0
2083	115.0
2084	121.0
2085	123.0
2086	133.0
2087	132.0
2088	123.0
2089	123.0
2090	119.0
2091	119.0
2092	118.0
2093	124.0
2094	122.0
2095	118.0
2096	116.0
2097	127.0
2098	120.0
2099	128.0
2100	132.0
2101	130.0
2102	117.0
2103	116.0
2104	116.0
2105	129.0
2106	125.0
2107	124.0
2108	121.0
2109	119.0
2110	117.0
2111	124.0
2112	138.0
2113	134.0
2114	125.0
2115	128.0
2116	112.0
2117	121.0
2118	117.0
2119	122.0
2120	129.0
2121	114.0
2122	116.0
2123	113.0
2124	118.0
2125	121.0
2126	121.0
2127	120.0
2128	132.0
2129	125.0
2130	114.0
2131	112.0
2132	129.0
2133	124.0
2134	124.0
2135	125.0
2136	116.0
2137	126.0
2138	118.0
2139	133.0
2140	122.0
2141	130.0
2142	115.0
2143	118.0
2144	119.0
2145	113.0
2146	126.0
2147	122.0
2148	118.0
2149	119.0
2150	120.0
2151	112.0
2152	129.0
2153	114.0
2154	121.0
2155	123.0
2156	119.0
2157	119.0
2158	117.0
2159	113.0
2160	115.0
2161	111.0
2162	111.0
2163	117.0
2164	112.0
2165	116.0
2166	131.0
2167	115.0
2168	127.0
2169	115.0
2170	124.0
2171	132.0
2172	120.0
2173	120.0
2174	119.0
2175	114.0
2176	117.0
2177	127.0
2178	116.0
2179	117.0
2180	143.0
2181	121.0
2182	132.0
2183	122.0
2184	127.0
2185	124.0
2186	132.0
2187	120.0
2188	117.0
2189	137.0
2190	122.0
2191	130.0
2192	123.0
2193	122.0
2194	128.0
2195	124.0
2196	132.0
2197	122.0
2198	125.0
2199	139.0
2200	122.0
2201	115.0
2202	133.0
2203	111.0
2204	124.0
2205	117.0
2206	118.0
2207	118.0
2208	120.0
2209	131.0
2210	117.0
2211	120.0
2212	123.0
2213	119.0
2214	122.0
2215	113.0
2216	117.0
2217	124.0
2218	121.0
2219	111.0
2220	121.0
2221	123.0
2222	126.0
2223	130.0
2224	124.0
2225	125.0
2226	115.0
2227	116.0
2228	120.0
2229	125.0
2230	119.0
2231	114.0
2232	118.0
2233	127.0
2234	131.0
2235	119.0
2236	134.0
2237	116.0
2238	123.0
2239	122.0
2240	118.0
2241	125.0
2242	117.0
2243	131.0
2244	114.0
2245	123.0
2246	131.0
2247	129.0
2248	120.0
2249	117.0
2250	112.0
2251	113.0
2252	118.0
2253	121.0
2254	112.0
2255	125.0
2256	133.0
2257	131.0
2258	116.0
2259	125.0
2260	135.0
2261	119.0
2262	126.0
2263	110.0
2264	124.0
2265	121.0
2266	126.0
2267	127.0
2268	122.0
2269	114.0
2270	121.0
2271	121.0
2272	123.0
2273	116.0
2274	125.0
2275	132.0
2276	116.0
2277	122.0
2278	138.0
2279	132.0
2280	122.0
2281	123.0
2282	112.0
2283	119.0
2284	124.0
2285	127.0
2286	124.0
2287	116.0
2288	130.0
2289	124.0
2290	115.0
2291	120.0
2292	119.0
2293	116.0
2294	115.0
2295	120.0
2296	133.0
2297	115.0
2298	119.0
2299	116.0
2300	120.0
2301	115.0
2302	117.0
2303	119.0
2304	141.0
2305	131.0
2306	123.0
2307	120.0
2308	118.0
2309	138.0
2310	123.0
2311	117.0
2312	116.0
2313	119.0
2314	132.0
2315	117.0
2316	110.0
2317	117.0
2318	120.0
2319	131.0
2320	124.0
2321	116.0
2322	116.0
2323	117.0
2324	127.0
2325	125.0
2326	116.0
2327	126.0
2328	123.0
2329	122.0
2330	119.0
2331	117.0
2332	114.0
2333	117.0
2334	122.0
2335	127.0
2336	135.0
2337	119.0
2338	114.0
2339	121.0
2340	118.0
2341	114.0
2342	112.0
2343	129.0
2344	116.0
2345	110.0
2346	126.0
2347	126.0
2348	116.0
2349	117.0
2350	118.0
2351	113.0
2352	117.0
2353	115.0
2354	113.0
2355	116.0
2356	123.0
2357	118.0
2358	119.0
2359	112.0
2360	125.0
2361	125.0
2362	117.0
2363	118.0
2364	117.0
2365	120.0
2366	116.0
2367	119.0
2368	120.0
2369	122.0
2370	110.0
2371	123.0
2372	112.0
2373	125.0
2374	115.0
2375	120.0
2376	130.0
2377	122.0
2378	122.0
2379	123.0
2380	129.0
2381	118.0
2382	117.0
2383	110.0
2384	121.0
2385	131.0
2386	117.0
2387	130.0
2388	124.0
2389	116.0
2390	130.0
2391	119.0
2392	117.0
2393	119.0
2394	122.0
2395	119.0
2396	122.0
2397	121.0
2398	125.0
2399	120.0
2400	126.0
2401	121.0
2402	127.0
2403	137.0
2404	129.0
2405	115.0
2406	128.0
2407	119.0
2408	128.0
2409	124.0
2410	124.0
2411	120.0
2412	127.0
2413	123.0
2414	112.0
2415	123.0
2416	130.0
2417	118.0
2418	121.0
2419	118.0
2420	123.0
2421	114.0
2422	114.0
2423	115.0
2424	122.0
2425	120.0
2426	115.0
2427	119.0
2428	122.0
2429	118.0
2430	121.0
2431	129.0
2432	127.0
2433	119.0
2434	133.0
2435	134.0
2436	116.0
2437	115.0
2438	117.0
2439	118.0
2440	119.0
2441	122.0
2442	122.0
2443	115.0
2444	120.0
2445	109.0
2446	120.0
2447	122.0
2448	115.0
2449	109.0
2450	123.0
2451	114.0
2452	121.0
2453	118.0
2454	119.0
2455	112.0
2456	126.0
2457	115.0
2458	118.0
2459	118.0
2460	130.0
2461	125.0
2462	125.0
2463	135.0
2464	133.0
2465	126.0
2466	122.0
2467	117.0
2468	113.0
2469	113.0
2470	120.0
2471	118.0
2472	126.0
2473	127.0
2474	121.0
2475	124.0
2476	126.0
2477	128.0
2478	120.0
2479	126.0
2480	125.0
2481	125.0
2482	124.0
2483	111.0
2484	128.0
2485	120.0
2486	124.0
2487	117.0
2488	123.0
2489	137.0
2490	133.0
2491	119.0
2492	122.0
2493	114.0
2494	120.0
2495	122.0
2496	138.0
2497	134.0
2498	117.0
2499	122.0
2500	129.0
2501	111.0
2502	118.0
2503	125.0
2504	124.0
2505	129.0
2506	115.0
2507	118.0
2508	113.0
2509	120.0
2510	129.0
2511	123.0
2512	127.0
2513	131.0
2514	120.0
2515	124.0
2516	127.0
2517	124.0
2518	120.0
2519	126.0
2520	111.0
2521	122.0
2522	123.0
2523	115.0
2524	126.0
2525	128.0
2526	136.0
2527	125.0
2528	128.0
2529	119.0
2530	118.0
2531	130.0
2532	132.0
2533	118.0
2534	126.0
2535	118.0
2536	116.0
2537	125.0
2538	133.0
2539	122.0
2540	126.0
2541	116.0
2542	129.0
2543	125.0
2544	116.0
2545	116.0
2546	114.0
2547	130.0
2548	124.0
2549	117.0
2550	128.0
2551	115.0
2552	126.0
2553	124.0
2554	122.0
2555	119.0
2556	114.0
2557	116.0
2558	126.0
2559	127.0
2560	125.0
2561	121.0
2562	123.0
2563	123.0
2564	123.0
2565	115.0
2566	120.0
2567	121.0
2568	117.0
2569	120.0
2570	112.0
2571	126.0
2572	125.0
2573	116.0
2574	126.0
2575	117.0
2576	126.0
2577	116.0
2578	115.0
2579	112.0
2580	126.0
2581	133.0
2582	116.0
2583	115.0
2584	117.0
2585	117.0
2586	123.0
2587	119.0
2588	132.0
2589	123.0
2590	120.0
2591	130.0
2592	117.0
2593	120.0
2594	114.0
2595	130.0
2596	117.0
2597	118.0
2598	129.0
2599	121.0
2600	109.0
2601	116.0
2602	122.0
2603	119.0
2604	123.0
2605	121.0
2606	120.0
2607	120.0
2608	127.0
2609	135.0
2610	133.0
2611	128.0
2612	128.0
2613	120.0
2614	115.0
2615	129.0
2616	119.0
2617	115.0
2618	122.0
2619	121.0
2620	119.0
2621	116.0
2622	119.0
2623	113.0
2624	122.0
2625	126.0
2626	118.0
2627	117.0
2628	121.0
2629	124.0
2630	120.0
2631	124.0
2632	121.0
2633	120.0
2634	120.0
2635	118.0
2636	137.0
2637	117.0
2638	127.0
2639	116.0
2640	116.0
2641	118.0
2642	125.0
2643	131.0
2644	115.0
2645	124.0
2646	119.0
2647	115.0
2648	117.0
2649	115.0
2650	134.0
2651	117.0
2652	115.0
2653	113.0
2654	119.0
2655	128.0
2656	119.0
2657	134.0
2658	122.0
2659	121.0
2660	122.0
2661	140.0
2662	124.0
2663	134.0
2664	132.0
2665	120.0
2666	124.0
2667	121.0
2668	124.0
2669	128.0
2670	122.0
2671	118.0
2672	126.0
2673	125.0
2674	118.0
2675	129.0
2676	120.0
2677	131.0
2678	117.0
2679	124.0
2680	123.0
2681	111.0
2682	115.0
2683	119.0
2684	121.0
2685	134.0
2686	121.0
2687	123.0
2688	108.0
2689	120.0
2690	113.0
2691	113.0
2692	136.0
2693	120.0
2694	119.0
2695	121.0
2696	125.0
2697	114.0
2698	123.0
2699	114.0
2700	117.0
2701	119.0
2702	130.0
2703	117.0
2704	129.0
2705	132.0
2706	124.0
2707	117.0
2708	117.0
2709	123.0
2710	117.0
2711	122.0
2712	116.0
2713	126.0
2714	125.0
2715	124.0
2716	123.0
2717	119.0
2718	130.0
2719	122.0
2720	122.0
2721	116.0
2722	123.0
2723	116.0
2724	119.0
2725	127.0
2726	113.0
2727	114.0
2728	113.0
2729	132.0
2730	132.0
2731	121.0
2732	119.0
2733	116.0
2734	125.0
2735	123.0
2736	113.0
2737	121.0
2738	118.0
2739	119.0
2740	121.0
2741	125.0
2742	129.0
2743	123.0
2744	121.0
2745	123.0
2746	126.0
2747	136.0
2748	120.0
2749	137.0
2750	122.0
2751	124.0
2752	118.0
2753	118.0
2754	116.0
2755	124.0
2756	117.0
2757	125.0
2758	119.0
2759	134.0
2760	124.0
2761	130.0
2762	122.0
2763	131.0
2764	127.0
2765	118.0
2766	122.0
2767	114.0
2768	112.0
2769	117.0
2770	120.0
2771	120.0
2772	131.0
2773	128.0
2774	124.0
2775	134.0
2776	139.0
2777	134.0
2778	121.0
2779	112.0
2780	115.0
2781	119.0
2782	115.0
2783	110.0
2784	115.0
2785	116.0
2786	122.0
2787	124.0
2788	128.0
2789	117.0
2790	119.0
2791	128.0
2792	116.0
2793	131.0
2794	131.0
2795	127.0
2796	121.0
2797	137.0
2798	136.0
2799	118.0
2800	113.0
2801	120.0
2802	125.0
2803	122.0
2804	114.0
2805	123.0
2806	121.0
2807	126.0
2808	122.0
2809	115.0
2810	124.0
2811	138.0
2812	129.0
2813	113.0
2814	121.0
2815	118.0
2816	122.0
2817	125.0
2818	119.0
2819	130.0
2820	122.0
2821	121.0
2822	112.0
2823	118.0
2824	123.0
2825	116.0
2826	132.0
2827	113.0
2828	125.0
2829	116.0
2830	120.0
2831	114.0
2832	118.0
2833	112.0
2834	119.0
2835	121.0
2836	132.0
2837	127.0
2838	123.0
2839	126.0
2840	113.0
2841	124.0
2842	125.0
2843	117.0
2844	121.0
2845	119.0
2846	113.0
2847	116.0
2848	124.0
2849	114.0
2850	124.0
2851	117.0
2852	121.0
2853	124.0
2854	126.0
2855	121.0
2856	127.0
2857	127.0
2858	129.0
2859	117.0
2860	126.0
2861	125.0
2862	130.0
2863	132.0
2864	125.0
2865	117.0
2866	126.0
2867	113.0
2868	125.0
2869	120.0
2870	112.0
2871	118.0
2872	114.0
2873	117.0
2874	125.0
2875	122.0
2876	126.0
2877	116.0
2878	115.0
2879	127.0
2880	122.0
2881	114.0
2882	113.0
2883	120.0
2884	117.0
2885	121.0
2886	124.0
2887	118.0
2888	111.0
2889	125.0
2890	119.0
2891	118.0
2892	117.0
2893	128.0
2894	126.0
2895	122.0
2896	123.0
2897	128.0
2898	132.0
2899	117.0
2900	115.0
2901	124.0
2902	126.0
2903	127.0
2904	124.0
2905	124.0
2906	122.0
2907	113.0
2908	120.0
2909	113.0
2910	114.0
2911	117.0
2912	137.0
2913	120.0
2914	132.0
2915	123.0
2916	114.0
2917	116.0
2918	118.0
2919	119.0
2920	114.0
2921	120.0
2922	121.0
2923	127.0
2924	121.0
2925	118.0
2926	117.0
2927	127.0
2928	122.0
2929	118.0
2930	123.0
2931	119.0
2932	124.0
2933	130.0
2934	124.0
2935	120.0
2936	121.0
2937	116.0
2938	115.0
2939	112.0
2940	113.0
2941	113.0
2942	112.0
2943	128.0
2944	117.0
2945	125.0
2946	115.0
2947	112.0
2948	114.0
2949	120.0
2950	116.0
2951	124.0
2952	117.0
2953	124.0
2954	125.0
2955	118.0
2956	117.0
2957	137.0
2958	128.0
2959	138.0
2960	151.0
2961	139.0
2962	119.0
2963	123.0
2964	125.0
2965	118.0
2966	127.0
2967	121.0
2968	115.0
2969	113.0
2970	119.0
2971	121.0
2972	112.0
2973	121.0
2974	123.0
2975	119.0
2976	112.0
2977	122.0
2978	124.0
2979	127.0
2980	125.0
2981	140.0
2982	124.0
2983	130.0
2984	135.0
2985	128.0
2986	132.0
2987	126.0
2988	124.0
2989	119.0
2990	115.0
2991	113.0
2992	116.0
2993	124.0
2994	112.0
2995	121.0
2996	114.0
2997	128.0
2998	124.0
2999	116.0
3000	114.0
