2001	-0.3426
2002	-0.2549
2003	-0.2241
2004	-0.2667
2005	0.002456
2006	-0.4259
2007	-0.5155
2008	-0.2656
2009	-0.4282
2010	-0.2235
2011	-0.6348
2012	-0.3817
2013	-0.4635
2014	-0.07768
2015	-0.3712
2016	-0.3114
2017	-0.1527
2018	-0.4802
2019	-0.3754
2020	-0.5079
2021	-0.5441
2022	-0.4652
2023	-0.06266
2024	-0.7839
2025	-0.3573
2026	-0.2521
2027	-0.1795
2028	-0.5532
2029	-0.486
2030	-0.804
2031	-0.7034
2032	-0.6307
2033	-0.4373
2034	-0.3295
2035	-0.6109
2036	-0.3472
2037	-0.4559
2038	-0.3333
2039	-0.8093
2040	-0.8108
2041	-0.7814
2042	-0.3118
2043	-0.4848
2044	-0.3624
2045	-0.4669
2046	-0.3742
2047	-0.5015
2048	-0.5015
2049	-0.6001
2050	-0.3931
2051	-0.6451
2052	-0.8688
2053	-0.4801
2054	-0.4796
2055	-0.5362
2056	-0.3743
2057	-0.2607
2058	-0.4087
2059	-0.4223
2060	-0.2325
2061	-0.6047
2062	-0.4923
2063	-0.8523
2064	-0.5415
2065	-0.4055
2066	-0.372
2067	-0.3261
2068	-0.4767
2069	-0.3285
2070	-0.2043
2071	-0.5206
2072	-0.6283
2073	-0.5419
2074	-0.6384
2075	-0.3338
2076	-0.4477
2077	-0.587
2078	-0.6523
2079	-0.6493
2080	-0.6296
2081	-0.1752
2082	-0.3817
2083	-0.5675
2084	-0.3286
2085	0.007305
2086	0.007067
2087	-0.3291
2088	-0.3728
2089	-0.9095
2090	-0.5372
2091	-0.4703
2092	-0.4091
2093	-0.216
2094	0.05622
2095	-0.5317
2096	-0.4602
2097	-0.1259
2098	-0.3651
2099	-0.3889
2100	-0.2693
2101	-0.588
2102	-0.2453
2103	-0.4129
2104	-0.2992
2105	-0.4682
2106	-0.6842
2107	-0.7058
2108	-0.4829
2109	-0.645
2110	-0.389
2111	-0.6493
2112	-0.2135
2113	-0.5789
2114	-0.7132
2115	-0.557
2116	-0.6195
2117	-0.4309
2118	-0.05203
2119	-0.07316
2120	-0.3607
2121	-0.5289
2122	-0.1904
2123	-0.4923
2124	-0.3163
2125	-0.2988
2126	-0.5276
2127	-0.3909
2128	-0.5627
2129	-0.893
2130	-0.1345
2131	-0.07877
2132	-0.3729
2133	-0.3335
2134	-0.7754
2135	-0.4565
2136	-0.2786
2137	-0.1423
2138	-0.4019
2139	-0.274
2140	-0.274
2141	-0.2855
2142	-0.5169
2143	-0.3631
2144	-0.3532
2145	-0.5621
2146	-0.5756
2147	-0.6753
2148	-0.4886
2149	-0.7522
2150	-0.8202
2151	-0.324
2152	-0.4427
2153	-0.4029
2154	-0.3744
2155	-0.5539
2156	-0.5599
2157	-0.6843
2158	-0.2547
2159	-0.75
2160	-0.4212
2161	-0.3091
2162	-0.215
2163	0.07455
2164	0.2027
2165	-0.002606
2166	-0.4267
2167	-0.1127
2168	-0.5808
2169	-0.3848
2170	-0.9837
2171	-0.4565
2172	-0.6495
2173	-0.4693
2174	-0.4693
2175	-0.4944
2176	-0.4943
2177	-0.6275
2178	-0.8566
2179	-0.4717
2180	-0.2672
2181	-0.4244
2182	-0.219
2183	-0.299
2184	-0.8452
2185	-0.7189
2186	-0.2674
2187	-0.3552
2188	-0.5105
2189	-0.01924
2190	-0.1456
2191	-0.1456
2192	-0.6981
2193	-0.4583
2194	-0.377
2195	-0.4635
2196	-0.6266
2197	-0.4096
2198	-0.07973
2199	-0.5457
2200	-0.4933
2201	-0.4592
2202	0.01716
2203	-0.2904
2204	-0.01419
2205	-0.02893
2206	0.1965
2207	-0.1863
2208	-0.1932
2209	-0.2668
2210	-0.7119
2211	-1.002
2212	-0.523
2213	-0.5406
2214	-0.5176
2215	-0.8955
2216	-0.4853
2217	-0.6229
2218	-0.2844
2219	-0.279
2220	-0.427
2221	-0.5431
2222	-0.7121
2223	-0.6636
2224	-0.5834
2225	-0.495
2226	-0.4528
2227	-0.03057
2228	-0.1409
2229	-0.514
2230	-0.5999
2231	0.3032
2232	-0.4648
2233	-0.2689
2234	-0.767
2235	-0.2443
2236	-0.4746
2237	-0.3625
2238	-0.6027
2239	-0.3011
2240	-0.08842
2241	-0.6311
2242	-0.8195
2243	-0.3728
2244	-0.2954
2245	-0.6392
2246	-0.3999
2247	-0.4918
2248	-0.2888
2249	-0.4024
2250	-0.2318
2251	-0.2375
2252	-0.3343
2253	-0.2045
2254	-0.8159
2255	-0.1044
2256	-0.7712
2257	-0.3238
2258	-0.2765
2259	-0.9631
2260	-0.4702
2261	-0.6302
2262	-0.3888
2263	-0.4103
2264	-0.6794
2265	-0.182
2266	-0.6005
2267	-0.9026
2268	-0.817
2269	-0.4284
2270	-0.7481
2271	-0.9262
2272	-0.1481
2273	-0.5999
2274	-0.1034
2275	-0.457
2276	-0.3002
2277	-0.2971
2278	-0.381
2279	-0.2862
2280	-0.5817
2281	-0.1369
2282	-0.1851
2283	-0.417
2284	-0.5057
2285	-0.4694
2286	-0.5632
2287	-0.3674
2288	-0.4436
2289	-0.7514
2290	-0.3977
2291	-0.5408
2292	-0.3937
2293	-0.4558
2294	-0.4428
2295	-0.6199
2296	-0.5504
2297	-0.5659
2298	-0.7236
2299	-0.4402
2300	-0.3103
2301	-0.2538
2302	-0.5087
2303	-0.5882
2304	-0.5273
2305	-0.2313
2306	-0.5589
2307	0.06251
2308	-0.5644
2309	-0.367
2310	-0.1633
2311	-0.3031
2312	-0.3703
2313	-0.1469
2314	-0.3202
2315	-0.138
2316	-0.3654
2317	-0.1287
2318	-0.3142
2319	-0.5934
2320	-0.7499
2321	-0.161
2322	0.0794
2323	-0.3948
2324	-0.6368
2325	-0.9975
2326	-0.834
2327	0.06038
2328	-0.3295
2329	-0.3944
2330	-0.6413
2331	-0.3797
2332	-0.3919
2333	-0.9727
2334	-0.5276
2335	-0.7104
2336	-0.2571
2337	-0.1144
2338	-0.3768
2339	-0.5306
2340	-0.5251
2341	-0.2154
2342	-0.105
2343	-0.5212
2344	-0.1247
2345	-0.2725
2346	-0.5423
2347	-0.6851
2348	-0.5337
2349	-0.9109
2350	-0.803
2351	-0.4888
2352	-0.5931
2353	-0.4335
2354	-0.3713
2355	-0.5187
2356	-0.6255
2357	-0.8064
2358	-0.6412
2359	-0.444
2360	-0.2572
2361	-0.4579
2362	-0.1144
2363	-0.6186
2364	-0.7183
2365	-0.7362
2366	-0.6829
2367	-0.2033
2368	-0.2426
2369	-0.4638
2370	-0.4937
2371	-0.7281
2372	-0.2252
2373	-0.4291
2374	-0.3961
2375	-0.5592
2376	-0.6353
2377	-0.9867
2378	-0.7053
2379	-0.4241
2380	-0.3677
2381	-0.3404
2382	-0.5906
2383	-0.4291
2384	-0.3939
2385	-0.4343
2386	-0.4417
2387	-0.3689
2388	-0.171
2389	-0.517
2390	-0.4811
2391	-0.6344
2392	-0.3907
2393	-0.1243
2394	-0.3012
2395	-0.503
2396	-0.3473
2397	-0.3569
2398	-0.2034
2399	0.01495
2400	-0.453
2401	-0.4716
2402	-0.9042
2403	-0.5681
2404	-0.6133
2405	-0.3652
2406	-0.4607
2407	-0.694
2408	-0.2909
2409	-0.2071
2410	-0.5404
2411	-0.7907
2412	-0.6147
2413	-0.6892
2414	-0.3607
2415	-0.1384
2416	-0.7448
2417	-0.7271
2418	-0.4731
2419	-0.7986
2420	-0.7139
2421	-0.7579
2422	-0.7579
2423	-0.02637
2424	-0.1584
2425	-0.1186
2426	-0.5413
2427	-0.7709
2428	-0.7709
2429	-0.4587
2430	-0.5377
2431	-0.5719
2432	-0.07272
2433	-0.4444
2434	-0.4926
2435	-0.8694
2436	-0.4066
2437	-0.3167
2438	-0.4026
2439	-0.4695
2440	-0.2999
2441	-0.04322
2442	-0.1878
2443	-0.6351
2444	-0.3604
2445	-0.2338
2446	-0.4968
2447	-0.4591
2448	-0.4698
2449	-0.5297
2450	-0.4244
2451	-0.6145
2452	-0.5228
2453	-0.4393
2454	-0.3644
2455	-0.5466
2456	0.0619
2457	-0.1444
2458	-0.3304
2459	-0.3299
2460	-0.3299
2461	-0.227
2462	-0.7091
2463	-0.4686
2464	-0.2593
2465	-0.5504
2466	-0.02739
2467	-0.282
2468	-0.5128
2469	-0.1131
2470	-0.3705
2471	-0.557
2472	-0.8491
2473	-0.6124
2474	-0.2748
2475	-0.2236
2476	-0.3233
2477	-0.5359
2478	-0.5094
2479	-0.2529
2480	-0.2339
2481	-0.4657
2482	-0.726
2483	-0.2689
2484	-0.2201
2485	-0.2604
2486	-0.3185
2487	-0.4368
2488	-0.2551
2489	-0.741
2490	-0.4124
2491	-0.5689
2492	-0.5579
2493	-0.3541
2494	-0.7062
2495	-0.5195
2496	-0.304
2497	-0.3472
2498	-0.4316
2499	-0.1421
2500	-0.06704
2501	-0.4418
2502	-0.8033
2503	-0.3178
2504	-0.2464
2505	-0.3427
2506	-0.5317
2507	-0.5497
2508	-0.4177
2509	-0.4927
2510	-0.5551
2511	-0.721
2512	-0.721
2513	-0.5221
2514	-0.01506
2515	-0.08979
2516	-0.4021
2517	-0.4021
2518	-0.5027
2519	-0.7377
2520	-0.2944
2521	-0.2284
2522	-0.1157
2523	-0.3842
2524	-0.5263
2525	-0.5263
2526	-0.2556
2527	-0.3842
2528	-0.2873
2529	-0.3759
2530	-0.4623
2531	-0.5653
2532	-0.5703
2533	-0.3278
2534	-0.6175
2535	-0.4116
2536	-0.4397
2537	-0.3683
2538	-0.1225
2539	-0.2488
2540	-0.9409
2541	-0.6333
2542	-0.3054
2543	-0.2319
2544	-0.5575
2545	-0.1936
2546	-0.1936
2547	-0.1475
2548	-0.408
2549	-0.7299
2550	-0.491
2551	-0.5347
2552	-0.1945
2553	-0.04654
2554	-0.4857
2555	-0.6692
2556	-0.3908
2557	-0.3898
2558	-0.288
2559	-0.6246
2560	-0.6554
2561	-0.4799
2562	-0.64
2563	-0.3055
2564	-0.5361
2565	-0.7128
2566	-0.9517
2567	-0.2774
2568	-0.8044
2569	-0.671
2570	-0.7647
2571	-0.8301
2572	-0.6318
2573	-0.2607
2574	-0.537
2575	-0.5245
2576	-0.4518
2577	-0.7624
2578	-0.07609
2579	-0.2996
2580	-0.1756
2581	-0.194
2582	-0.3768
2583	-0.5361
2584	-0.3187
2585	-0.2583
2586	0.05275
2587	-0.008174
2588	-0.3389
2589	-0.1579
2590	-0.6442
2591	-0.6442
2592	-0.2644
2593	-0.3175
2594	-0.8746
2595	-0.439
2596	-0.4266
2597	-0.4335
2598	-0.6111
2599	-0.5246
2600	-0.2988
2601	-0.02803
2602	-0.06946
2603	-0.3172
2604	-0.5219
2605	-0.4185
2606	-0.2006
2607	-0.1079
2608	-0.669
2609	-0.4846
2610	-0.4593
2611	-0.6445
2612	-0.4911
2613	-0.2435
2614	-0.09697
2615	-0.2334
2616	-0.5771
2617	-0.588
2618	-0.5783
2619	-0.457
2620	-0.5531
2621	-0.2589
2622	0.05935
2623	-0.3647
2624	-0.2721
2625	-0.2888
2626	-0.6004
2627	-0.6643
2628	-0.76
2629	-0.4909
2630	-0.307
2631	-0.3218
2632	-0.5161
2633	-0.6133
2634	-0.6302
2635	-0.4657
2636	-0.6424
2637	-0.1325
2638	-0.07748
2639	-0.3781
2640	-0.6069
2641	-0.6052
2642	-0.4184
2643	-0.9509
2644	-0.2769
2645	-0.6617
2646	-0.5313
2647	0.05045
2648	-0.1521
2649	-0.6271
2650	-0.836
2651	-0.2843
2652	-0.1349
2653	-0.2237
2654	-0.2825
2655	-0.3164
2656	0.04809
2657	-0.4367
2658	-0.4367
2659	0.03754
2660	-0.7593
2661	-0.5243
2662	-0.3839
2663	-0.4142
2664	-0.1117
2665	-0.5993
2666	-0.2955
2667	-0.6518
2668	-0.7344
2669	-0.5641
2670	-0.5667
2671	-0.4615
2672	-0.03538
2673	-0.6222
2674	-0.3482
2675	-0.1828
2676	-0.3017
2677	-0.5715
2678	-0.653
2679	-0.6313
2680	-0.2811
2681	-0.6198
2682	-0.3104
2683	-0.1887
2684	-0.1996
2685	-0.2997
2686	-0.5398
2687	-0.4153
2688	-0.06287
2689	-0.306
2690	-0.5313
2691	0.06464
2692	-0.7468
2693	-0.8534
2694	-0.3754
2695	-0.5424
2696	-0.6434
2697	-0.2
2698	-0.3059
2699	0.04455
2700	-0.4041
2701	-0.5992
2702	-0.4432
2703	-0.5419
2704	-0.5117
2705	-0.896
2706	-0.6844
2707	-0.3477
2708	-0.2395
2709	-0.4272
2710	-0.4099
2711	-0.5238
2712	-0.5562
2713	-0.5075
2714	-0.3794
2715	-0.2398
2716	-0.4381
2717	-0.4381
2718	-0.102
2719	-0.2762
2720	-0.1124
2721	-0.196
2722	-0.4245
2723	-0.5678
2724	-0.224
2725	-0.4392
2726	-0.1995
2727	-0.4399
2728	-0.7275
2729	-0.5847
2730	-0.3996
2731	-0.3403
2732	-0.1407
2733	-0.1315
2734	-0.3711
2735	-0.5272
2736	-0.6819
2737	-0.5787
2738	-0.9196
2739	-0.3874
2740	-0.5478
2741	-0.4866
2742	-0.5497
2743	-0.1159
2744	-0.3199
2745	-0.4622
2746	-0.1655
2747	-0.1655
2748	-0.6757
2749	-0.6501
2750	-0.7845
2751	-0.4123
2752	-0.5488
2753	-0.4879
2754	-0.2976
2755	-0.5214
2756	-0.6616
2757	-0.1262
2758	-0.414
2759	-0.3337
2760	-0.1535
2761	-0.336
2762	-0.336
2763	-0.2362
2764	-0.2627
2765	-0.5188
2766	-0.5777
2767	-0.4867
2768	-0.3945
2769	-0.3945
2770	-0.7091
2771	-1.125
2772	-0.5559
2773	-0.5282
2774	-0.2131
2775	-0.4679
2776	0.1944
2777	-0.558
2778	-0.5411
2779	-0.4343
2780	-0.4336
2781	0.02086
2782	0.02086
2783	-0.48
2784	-0.6481
2785	-0.4397
2786	-0.3321
2787	-0.2411
2788	-0.6921
2789	-0.425
2790	-0.5594
2791	-0.5491
2792	-0.3346
2793	-0.4207
2794	-0.8099
2795	-0.4509
2796	-0.4793
2797	-0.6088
2798	-0.03862
2799	-0.8407
2800	-0.5751
2801	-0.5897
2802	-0.2491
2803	-0.4806
2804	-0.3588
2805	-0.4204
2806	-0.5795
2807	-0.3792
2808	-0.4039
2809	-0.4039
2810	-0.08347
2811	-0.5125
2812	-0.5648
2813	-0.5266
2814	-0.4842
2815	-0.01661
2816	-0.5098
2817	0.05403
2818	-0.08267
2819	-0.3228
2820	-0.5156
2821	-0.5156
2822	-0.3434
2823	-0.1822
2824	-0.6133
2825	-0.2468
2826	-0.2468
2827	-0.6554
2828	-0.2844
2829	-0.3627
2830	-0.3233
2831	-0.5268
2832	-0.409
2833	-0.2966
2834	-0.1842
2835	-0.1458
2836	-0.4382
2837	-0.5196
2838	-0.2575
2839	-0.3481
2840	-0.4737
2841	-0.1353
2842	-0.3091
2843	-1.03
2844	-0.4715
2845	-0.3181
2846	-0.3781
2847	-0.3124
2848	-0.3972
2849	-0.7729
2850	-0.5098
2851	-0.147
2852	-0.3107
2853	-0.5682
2854	-0.07153
2855	-0.1376
2856	-0.5517
2857	-0.6362
2858	-0.1971
2859	-0.1318
2860	-0.8494
2861	-0.6132
2862	-0.6058
2863	-0.8457
2864	-0.7909
2865	-0.7548
2866	-0.5222
2867	-0.1935
2868	-0.7212
2869	-0.4062
2870	-0.4873
2871	-0.256
2872	-0.5499
2873	-0.1789
2874	-0.1795
2875	-0.1403
2876	-0.3587
2877	-0.3808
2878	-0.3408
2879	-0.3236
2880	-0.4904
2881	-0.285
2882	-0.466
2883	-0.25
2884	-0.5031
2885	-0.3714
2886	-0.9332
2887	-0.07112
2888	-0.4438
2889	-0.4519
2890	-0.3244
2891	-0.4181
2892	-0.3275
2893	-0.4582
2894	-0.1017
2895	-0.206
2896	-0.3272
2897	-0.1531
2898	-0.441
2899	-0.2241
2900	-0.618
2901	-0.1964
2902	0.03177
2903	-0.2657
2904	-0.3634
2905	-0.7517
2906	-0.2313
2907	-0.495
2908	-0.6842
2909	-0.7342
2910	0.1223
2911	-0.488
2912	-0.4936
2913	-0.6468
2914	-0.7784
2915	-0.8353
2916	-0.6624
2917	-0.2726
2918	-0.8424
2919	-0.6137
2920	-0.9712
2921	-0.5344
2922	-0.4502
2923	-0.4511
2924	-0.9465
2925	-0.668
2926	-0.05004
2927	-0.4392
2928	-0.4153
2929	-0.4779
2930	-0.3461
2931	-0.2131
2932	-0.4712
2933	-0.3706
2934	-0.512
2935	-0.248
2936	-0.2644
2937	-0.1949
2938	-0.6192
2939	-0.3169
2940	-0.3265
2941	-0.2506
2942	-0.3282
2943	-0.4544
2944	-0.9081
2945	-0.1059
2946	-0.1757
2947	-0.7606
2948	-0.6296
2949	-0.6151
2950	-0.7641
2951	-0.3909
2952	-0.08235
2953	-0.2863
2954	-0.2863
2955	-0.7605
2956	-0.3585
2957	-0.5779
2958	-0.3365
2959	-0.5265
2960	-0.6282
2961	-0.338
2962	-0.1075
2963	0.01186
2964	-0.01023
2965	-0.5669
2966	-0.5256
2967	-0.2272
2968	-0.5595
2969	-0.1644
2970	-0.4562
2971	-0.5615
2972	-0.4415
2973	-0.1985
2974	-0.4436
2975	-0.7375
2976	-0.5127
2977	-0.1759
2978	-0.194
2979	-0.5024
2980	-0.5214
2981	-0.5209
2982	-0.4725
2983	-0.07805
2984	-0.3095
2985	-0.4111
2986	-0.1869
2987	-0.2115
2988	-0.264
2989	-0.3277
2990	-0.3511
2991	-0.3185
2992	-0.6104
2993	-0.2983
2994	-0.4723
2995	-0.5861
2996	-0.2627
2997	-0.1587
2998	0.1444
2999	-0.1918
3000	-0.7876
2001	-5.816
2002	-5.869
2003	-5.593
2004	-5.702
2005	-6.055
2006	-6.003
2007	-5.633
2008	-5.509
2009	-5.348
2010	-5.348
2011	-5.871
2012	-5.573
2013	-5.27
2014	-5.464
2015	-5.464
2016	-5.461
2017	-5.927
2018	-6.334
2019	-6.075
2020	-6.623
2021	-6.713
2022	-6.457
2023	-6.557
2024	-6.157
2025	-5.904
2026	-5.924
2027	-5.876
2028	-6.045
2029	-6.441
2030	-6.637
2031	-6.349
2032	-6.432
2033	-6.333
2034	-6.239
2035	-6.189
2036	-6.409
2037	-7.137
2038	-6.959
2039	-6.948
2040	-6.774
2041	-7.448
2042	-7.388
2043	-7.358
2044	-7.202
2045	-7.423
2046	-7.679
2047	-7.183
2048	-7.0
2049	-7.191
2050	-7.602
2051	-7.197
2052	-7.326
2053	-7.479
2054	-7.035
2055	-7.374
2056	-7.294
2057	-7.011
2058	-6.94
2059	-6.638
2060	-6.647
2061	-6.304
2062	-5.952
2063	-5.944
2064	-6.307
2065	-6.307
2066	-5.887
2067	-5.887
2068	-5.909
2069	-6.252
2070	-6.491
2071	-6.622
2072	-6.622
2073	-6.593
2074	-6.593
2075	-6.565
2076	-6.669
2077	-5.896
2078	-5.458
2079	-6.22
2080	-6.156
2081	-6.126
2082	-6.186
2083	-5.841
2084	-5.794
2085	-5.852
2086	-5.863
2087	-5.713
2088	-5.636
2089	-5.533
2090	-5.45
2091	-5.207
2092	-5.397
2093	-5.397
2094	-5.926
2095	-5.761
2096	-5.697
2097	-5.809
2098	-5.867
2099	-5.868
2100	-5.797
2101	-5.969
2102	-5.969
2103	-5.923
2104	-6.138
2105	-6.14
2106	-6.158
2107	-6.253
2108	-5.993
2109	-5.685
2110	-5.746
2111	-5.594
2112	-5.397
2113	-5.327
2114	-5.208
2115	-5.447
2116	-5.421
2117	-5.849
2118	-5.328
2119	-5.836
2120	-6.14
2121	-6.222
2122	-6.263
2123	-6.263
2124	-6.083
2125	-5.73
2126	-5.869
2127	-6.262
2128	-6.338
2129	-6.349
2130	-6.336
2131	-6.217
2132	-5.956
2133	-6.188
2134	-5.998
2135	-6.207
2136	-6.105
2137	-6.298
2138	-6.431
2139	-6.677
2140	-6.597
2141	-6.55
2142	-6.609
2143	-6.707
2144	-6.788
2145	-6.819
2146	-6.858
2147	-6.811
2148	-6.656
2149	-6.868
2150	-6.864
2151	-6.623
2152	-6.757
2153	-6.641
2154	-6.807
2155	-6.531
2156	-6.621
2157	-6.401
2158	-6.462
2159	-6.252
2160	-5.98
2161	-6.045
2162	-6.122
2163	-5.739
2164	-5.674
2165	-6.295
2166	-6.231
2167	-5.505
2168	-5.974
2169	-5.955
2170	-6.14
2171	-6.01
2172	-6.324
2173	-6.563
2174	-6.25
2175	-6.44
2176	-6.49
2177	-6.548
2178	-6.898
2179	-6.972
2180	-6.958
2181	-6.93
2182	-6.943
2183	-6.889
2184	-7.014
2185	-6.817
2186	-6.817
2187	-7.151
2188	-7.46
2189	-7.643
2190	-7.814
2191	-7.689
2192	-7.246
2193	-7.347
2194	-7.369
2195	-7.199
2196	-7.33
2197	-7.33
2198	-7.233
2199	-7.233
2200	-7.076
2201	-7.272
2202	-7.708
2203	-7.618
2204	-7.641
2205	-7.37
2206	-7.23
2207	-7.23
2208	-7.183
2209	-6.919
2210	-6.64
2211	-6.886
2212	-6.746
2213	-7.099
2214	-6.669
2215	-6.887
2216	-7.234
2217	-7.434
2218	-7.118
2219	-6.917
2220	-6.68
2221	-6.448
2222	-6.361
2223	-6.361
2224	-6.221
2225	-6.203
2226	-5.953
2227	-5.946
2228	-5.719
2229	-5.441
2230	-5.625
2231	-5.658
2232	-5.508
2233	-5.358
2234	-5.247
2235	-5.453
2236	-5.487
2237	-5.312
2238	-5.65
2239	-5.504
2240	-5.835
2241	-5.771
2242	-5.741
2243	-5.9
2244	-5.345
2245	-5.57
2246	-5.355
2247	-5.254
2248	-5.459
2249	-5.286
2250	-5.319
2251	-5.531
2252	-5.776
2253	-5.406
2254	-5.843
2255	-5.888
2256	-5.571
2257	-5.622
2258	-5.275
2259	-4.882
2260	-4.557
2261	-4.614
2262	-4.741
2263	-4.978
2264	-4.706
2265	-4.687
2266	-4.546
2267	-4.406
2268	-4.613
2269	-4.74
2270	-4.852
2271	-4.906
2272	-5.302
2273	-5.277
2274	-5.389
2275	-5.783
2276	-5.955
2277	-6.022
2278	-5.761
2279	-5.648
2280	-5.648
2281	-5.589
2282	-5.666
2283	-5.709
2284	-5.776
2285	-5.613
2286	-6.138
2287	-6.747
2288	-6.377
2289	-6.46
2290	-6.298
2291	-6.173
2292	-5.85
2293	-5.642
2294	-5.806
2295	-6.262
2296	-5.951
2297	-5.805
2298	-5.805
2299	-5.839
2300	-6.117
2301	-6.196
2302	-6.076
2303	-5.869
2304	-5.841
2305	-5.967
2306	-6.283
2307	-6.049
2308	-6.109
2309	-6.654
2310	-6.62
2311	-6.831
2312	-6.708
2313	-6.591
2314	-6.438
2315	-6.213
2316	-5.842
2317	-5.796
2318	-5.814
2319	-5.576
2320	-5.886
2321	-6.048
2322	-6.507
2323	-6.46
2324	-7.095
2325	-7.189
2326	-7.005
2327	-6.58
2328	-6.58
2329	-6.653
2330	-6.768
2331	-7.081
2332	-7.155
2333	-6.897
2334	-7.309
2335	-7.351
2336	-7.271
2337	-7.364
2338	-7.07
2339	-6.689
2340	-6.594
2341	-6.754
2342	-6.253
2343	-6.31
2344	-6.364
2345	-6.178
2346	-6.194
2347	-5.857
2348	-5.857
2349	-5.674
2350	-6.0
2351	-6.029
2352	-6.01
2353	-6.119
2354	-6.004
2355	-6.004
2356	-5.835
2357	-5.6
2358	-5.36
2359	-5.487
2360	-5.395
2361	-5.525
2362	-5.727
2363	-5.664
2364	-5.664
2365	-5.657
2366	-6.203
2367	-5.965
2368	-5.549
2369	-5.572
2370	-5.653
2371	-5.549
2372	-5.241
2373	-5.531
2374	-5.842
2375	-5.969
2376	-6.185
2377	-5.622
2378	-5.806
2379	-5.806
2380	-5.904
2381	-5.899
2382	-5.899
2383	-5.935
2384	-5.693
2385	-5.522
2386	-5.92
2387	-5.911
2388	-6.029
2389	-6.297
2390	-6.147
2391	-6.622
2392	-6.553
2393	-6.526
2394	-6.657
2395	-6.809
2396	-7.028
2397	-6.809
2398	-6.814
2399	-6.855
2400	-6.854
2401	-6.892
2402	-6.841
2403	-6.507
2404	-6.738
2405	-6.665
2406	-6.469
2407	-6.458
2408	-6.559
2409	-7.601
2410	-7.602
2411	-7.634
2412	-7.736
2413	-7.675
2414	-7.56
2415	-7.604
2416	-7.388
2417	-7.59
2418	-7.59
2419	-7.402
2420	-7.015
2421	-6.838
2422	-6.872
2423	-7.072
2424	-7.212
2425	-6.703
2426	-6.777
2427	-6.957
2428	-7.047
2429	-7.578
2430	-7.966
2431	-7.888
2432	-7.816
2433	-7.637
2434	-7.172
2435	-7.549
2436	-7.156
2437	-7.268
2438	-6.853
2439	-6.314
2440	-6.584
2441	-6.603
2442	-7.139
2443	-7.003
2444	-6.8
2445	-6.578
2446	-6.385
2447	-6.316
2448	-6.194
2449	-6.038
2450	-5.848
2451	-5.749
2452	-5.539
2453	-5.779
2454	-5.742
2455	-5.64
2456	-6.051
2457	-6.019
2458	-5.661
2459	-5.598
2460	-6.053
2461	-6.037
2462	-5.77
2463	-5.749
2464	-5.807
2465	-5.841
2466	-5.831
2467	-5.676
2468	-5.596
2469	-5.514
2470	-5.665
2471	-5.665
2472	-5.639
2473	-5.913
2474	-6.034
2475	-6.034
2476	-6.054
2477	-6.023
2478	-5.584
2479	-5.805
2480	-5.8
2481	-5.867
2482	-5.867
2483	-5.957
2484	-6.059
2485	-6.301
2486	-5.732
2487	-6.253
2488	-6.391
2489	-6.319
2490	-6.4
2491	-6.559
2492	-6.736
2493	-7.273
2494	-6.739
2495	-7.004
2496	-6.855
2497	-6.725
2498	-6.529
2499	-6.311
2500	-6.006
2501	-6.051
2502	-6.101
2503	-6.139
2504	-6.526
2505	-6.508
2506	-6.455
2507	-6.455
2508	-6.566
2509	-6.589
2510	-6.714
2511	-7.004
2512	-7.173
2513	-6.969
2514	-6.653
2515	-6.731
2516	-6.517
2517	-6.313
2518	-6.641
2519	-6.485
2520	-6.586
2521	-6.752
2522	-6.873
2523	-6.551
2524	-6.36
2525	-6.392
2526	-6.462
2527	-6.121
2528	-6.256
2529	-6.468
2530	-6.09
2531	-6.187
2532	-6.107
2533	-6.286
2534	-6.334
2535	-6.853
2536	-6.682
2537	-6.502
2538	-6.392
2539	-6.365
2540	-6.363
2541	-6.414
2542	-6.455
2543	-6.388
2544	-6.701
2545	-6.701
2546	-6.54
2547	-6.698
2548	-6.455
2549	-6.351
2550	-6.108
2551	-6.05
2552	-5.933
2553	-5.932
2554	-5.736
2555	-5.49
2556	-5.74
2557	-5.568
2558	-5.464
2559	-5.578
2560	-5.4
2561	-5.388
2562	-5.48
2563	-5.48
2564	-5.488
2565	-5.396
2566	-5.734
2567	-5.669
2568	-5.669
2569	-5.723
2570	-5.583
2571	-5.334
2572	-5.62
2573	-5.585
2574	-5.512
2575	-5.717
2576	-6.256
2577	-5.769
2578	-5.812
2579	-6.082
2580	-5.862
2581	-5.751
2582	-5.751
2583	-5.592
2584	-5.495
2585	-5.707
2586	-5.706
2587	-6.015
2588	-6.138
2589	-6.09
2590	-6.124
2591	-6.289
2592	-6.289
2593	-6.289
2594	-6.26
2595	-5.754
2596	-5.721
2597	-5.594
2598	-5.437
2599	-5.888
2600	-5.955
2601	-5.89
2602	-5.883
2603	-6.004
2604	-6.04
2605	-6.422
2606	-6.371
2607	-6.492
2608	-6.151
2609	-6.151
2610	-6.152
2611	-6.105
2612	-6.552
2613	-6.383
2614	-6.315
2615	-6.524
2616	-6.168
2617	-6.512
2618	-6.823
2619	-6.69
2620	-6.454
2621	-6.654
2622	-6.74
2623	-6.909
2624	-7.036
2625	-7.039
2626	-7.04
2627	-6.895
2628	-6.8
2629	-6.94
2630	-7.241
2631	-7.18
2632	-7.286
2633	-7.218
2634	-7.109
2635	-7.021
2636	-7.072
2637	-7.275
2638	-7.143
2639	-7.118
2640	-6.837
2641	-6.479
2642	-6.084
2643	-6.359
2644	-6.468
2645	-6.662
2646	-6.527
2647	-6.307
2648	-6.558
2649	-7.251
2650	-6.761
2651	-6.604
2652	-6.825
2653	-6.708
2654	-6.706
2655	-6.717
2656	-6.921
2657	-6.921
2658	-6.653
2659	-6.684
2660	-6.475
2661	-7.316
2662	-7.316
2663	-7.307
2664	-7.349
2665	-7.116
2666	-6.994
2667	-6.916
2668	-6.791
2669	-6.589
2670	-6.206
2671	-5.873
2672	-6.076
2673	-6.071
2674	-5.615
2675	-5.615
2676	-5.91
2677	-5.747
2678	-5.586
2679	-5.605
2680	-5.397
2681	-5.468
2682	-5.497
2683	-5.299
2684	-5.299
2685	-5.478
2686	-6.009
2687	-5.848
2688	-6.091
2689	-6.283
2690	-6.178
2691	-6.247
2692	-6.284
2693	-6.268
2694	-6.397
2695	-6.582
2696	-6.53
2697	-6.623
2698	-7.009
2699	-7.084
2700	-7.145
2701	-7.345
2702	-7.033
2703	-7.074
2704	-7.142
2705	-6.644
2706	-6.172
2707	-6.036
2708	-6.078
2709	-5.926
2710	-5.852
2711	-6.083
2712	-6.142
2713	-6.162
2714	-6.168
2715	-6.109
2716	-6.393
2717	-5.823
2718	-5.868
2719	-6.146
2720	-5.998
2721	-5.889
2722	-5.585
2723	-5.771
2724	-5.684
2725	-5.367
2726	-5.314
2727	-5.466
2728	-5.472
2729	-5.499
2730	-5.352
2731	-5.352
2732	-5.417
2733	-5.161
2734	-4.932
2735	-4.881
2736	-4.898
2737	-4.87
2738	-4.829
2739	-4.911
2740	-4.911
2741	-4.627
2742	-4.929
2743	-5.02
2744	-4.942
2745	-4.899
2746	-4.884
2747	-5.062
2748	-5.134
2749	-5.005
2750	-5.06
2751	-5.109
2752	-5.265
2753	-5.289
2754	-5.289
2755	-4.761
2756	-4.826
2757	-4.771
2758	-5.076
2759	-5.09
2760	-5.043
2761	-5.278
2762	-5.291
2763	-5.385
2764	-5.3
2765	-5.36
2766	-5.701
2767	-5.453
2768	-5.446
2769	-5.254
2770	-5.63
2771	-5.417
2772	-5.944
2773	-6.07
2774	-5.849
2775	-5.562
2776	-5.499
2777	-5.572
2778	-5.898
2779	-6.318
2780	-6.327
2781	-6.237
2782	-5.929
2783	-5.559
2784	-5.569
2785	-5.829
2786	-5.859
2787	-5.821
2788	-5.761
2789	-5.65
2790	-5.463
2791	-5.516
2792	-5.735
2793	-5.668
2794	-6.002
2795	-6.024
2796	-5.623
2797	-5.967
2798	-5.839
2799	-5.837
2800	-6.033
2801	-6.228
2802	-5.834
2803	-6.048
2804	-5.612
2805	-5.595
2806	-5.524
2807	-5.474
2808	-5.912
2809	-6.02
2810	-5.803
2811	-5.725
2812	-6.064
2813	-6.223
2814	-6.148
2815	-6.096
2816	-5.836
2817	-5.247
2818	-5.143
2819	-5.001
2820	-4.904
2821	-5.078
2822	-5.127
2823	-4.849
2824	-4.99
2825	-5.031
2826	-5.505
2827	-5.992
2828	-5.89
2829	-5.968
2830	-6.203
2831	-6.363
2832	-6.703
2833	-6.467
2834	-6.311
2835	-5.119
2836	-5.064
2837	-4.911
2838	-5.284
2839	-5.421
2840	-5.506
2841	-5.594
2842	-6.164
2843	-6.411
2844	-6.544
2845	-6.266
2846	-6.256
2847	-6.346
2848	-6.746
2849	-6.917
2850	-7.157
2851	-6.966
2852	-6.966
2853	-6.89
2854	-6.89
2855	-6.588
2856	-6.558
2857	-6.429
2858	-6.604
2859	-6.605
2860	-5.949
2861	-6.055
2862	-6.215
2863	-5.946
2864	-5.936
2865	-5.99
2866	-6.132
2867	-6.072
2868	-6.122
2869	-5.917
2870	-5.897
2871	-5.745
2872	-5.735
2873	-5.989
2874	-6.511
2875	-6.676
2876	-7.227
2877	-7.413
2878	-6.891
2879	-6.934
2880	-6.979
2881	-6.947
2882	-7.094
2883	-6.666
2884	-6.58
2885	-6.709
2886	-6.891
2887	-6.764
2888	-6.421
2889	-6.545
2890	-6.63
2891	-6.63
2892	-6.604
2893	-6.664
2894	-6.783
2895	-6.593
2896	-6.498
2897	-6.693
2898	-6.693
2899	-6.396
2900	-6.638
2901	-6.588
2902	-6.773
2903	-6.779
2904	-6.881
2905	-6.964
2906	-7.003
2907	-7.219
2908	-6.936
2909	-7.212
2910	-7.212
2911	-7.039
2912	-7.224
2913	-7.176
2914	-6.609
2915	-6.775
2916	-6.543
2917	-6.477
2918	-6.213
2919	-5.977
2920	-6.041
2921	-5.963
2922	-5.972
2923	-6.2
2924	-6.72
2925	-6.72
2926	-6.598
2927	-6.523
2928	-6.52
2929	-6.52
2930	-6.292
2931	-6.126
2932	-5.933
2933	-6.138
2934	-5.625
2935	-5.83
2936	-5.978
2937	-6.028
2938	-6.218
2939	-6.317
2940	-6.553
2941	-6.28
2942	-5.917
2943	-5.71
2944	-5.87
2945	-5.779
2946	-5.76
2947	-6.425
2948	-6.425
2949	-6.409
2950	-6.283
2951	-6.178
2952	-6.002
2953	-5.585
2954	-5.7
2955	-5.822
2956	-6.025
2957	-5.819
2958	-5.819
2959	-5.841
2960	-5.689
2961	-5.593
2962	-5.593
2963	-5.545
2964	-5.552
2965	-5.778
2966	-5.769
2967	-6.14
2968	-6.563
2969	-6.719
2970	-6.489
2971	-6.481
2972	-6.628
2973	-6.527
2974	-6.66
2975	-6.57
2976	-6.841
2977	-6.905
2978	-6.905
2979	-6.429
2980	-6.802
2981	-6.877
2982	-6.583
2983	-6.681
2984	-6.631
2985	-6.821
2986	-6.815
2987	-6.851
2988	-6.844
2989	-6.881
2990	-7.323
2991	-6.922
2992	-7.11
2993	-6.788
2994	-6.818
2995	-6.51
2996	-6.505
2997	-6.37
2998	-6.37
2999	-6.817
3000	-6.977
2001	0.3915
2002	0.3851
2003	0.3589
2004	0.3607
2005	0.3948
2006	0.395
2007	0.3561
2008	0.3607
2009	0.3498
2010	0.3444
2011	0.3766
2012	0.3685
2013	0.3408
2014	0.3682
2015	0.343
2016	0.3573
2017	0.4023
2018	0.4215
2019	0.4227
2020	0.4692
2021	0.4539
2022	0.4438
2023	0.4322
2024	0.4268
2025	0.3955
2026	0.3864
2027	0.3854
2028	0.3927
2029	0.4145
2030	0.4596
2031	0.4431
2032	0.4309
2033	0.4468
2034	0.4347
2035	0.4373
2036	0.4366
2037	0.492
2038	0.4687
2039	0.4844
2040	0.4976
2041	0.5122
2042	0.5172
2043	0.502
2044	0.4916
2045	0.5232
2046	0.5273
2047	0.5039
2048	0.5029
2049	0.4853
2050	0.5164
2051	0.4967
2052	0.5085
2053	0.4919
2054	0.4794
2055	0.497
2056	0.4884
2057	0.4796
2058	0.4618
2059	0.4469
2060	0.431
2061	0.4286
2062	0.403
2063	0.4172
2064	0.403
2065	0.427
2066	0.3995
2067	0.3995
2068	0.3891
2069	0.4285
2070	0.4318
2071	0.451
2072	0.4383
2073	0.4356
2074	0.4519
2075	0.4555
2076	0.4389
2077	0.3825
2078	0.3709
2079	0.4074
2080	0.4222
2081	0.4
2082	0.4079
2083	0.3805
2084	0.3773
2085	0.3823
2086	0.3785
2087	0.3653
2088	0.369
2089	0.372
2090	0.3646
2091	0.3559
2092	0.3632
2093	0.3579
2094	0.3865
2095	0.3862
2096	0.3939
2097	0.3881
2098	0.3842
2099	0.3681
2100	0.383
2101	0.4131
2102	0.3904
2103	0.383
2104	0.4158
2105	0.4132
2106	0.417
2107	0.4198
2108	0.3947
2109	0.3756
2110	0.3793
2111	0.3714
2112	0.3634
2113	0.3447
2114	0.3157
2115	0.347
2116	0.347
2117	0.3799
2118	0.3439
2119	0.3827
2120	0.3964
2121	0.4361
2122	0.4338
2123	0.412
2124	0.3838
2125	0.3879
2126	0.395
2127	0.4339
2128	0.417
2129	0.4216
2130	0.4239
2131	0.4131
2132	0.4194
2133	0.412
2134	0.411
2135	0.4174
2136	0.4068
2137	0.4288
2138	0.4462
2139	0.443
2140	0.4501
2141	0.4471
2142	0.447
2143	0.4586
2144	0.4561
2145	0.4502
2146	0.4549
2147	0.4803
2148	0.4574
2149	0.469
2150	0.4633
2151	0.4522
2152	0.4582
2153	0.4492
2154	0.4656
2155	0.4266
2156	0.4294
2157	0.439
2158	0.4295
2159	0.4165
2160	0.4074
2161	0.4002
2162	0.3796
2163	0.3795
2164	0.3787
2165	0.4134
2166	0.4067
2167	0.3853
2168	0.4035
2169	0.3966
2170	0.41
2171	0.4196
2172	0.4233
2173	0.4435
2174	0.4226
2175	0.4395
2176	0.4479
2177	0.4399
2178	0.4552
2179	0.4725
2180	0.4512
2181	0.4663
2182	0.4738
2183	0.4746
2184	0.4746
2185	0.4727
2186	0.4611
2187	0.4984
2188	0.4889
2189	0.5168
2190	0.5301
2191	0.5239
2192	0.4983
2193	0.5036
2194	0.5092
2195	0.5136
2196	0.5009
2197	0.5203
2198	0.4985
2199	0.4938
2200	0.4922
2201	0.5163
2202	0.5237
2203	0.5214
2204	0.4985
2205	0.4964
2206	0.496
2207	0.4958
2208	0.4842
2209	0.4903
2210	0.4533
2211	0.4841
2212	0.4481
2213	0.4676
2214	0.4467
2215	0.486
2216	0.4987
2217	0.5132
2218	0.4989
2219	0.4679
2220	0.452
2221	0.4441
2222	0.4213
2223	0.4204
2224	0.4337
2225	0.4039
2226	0.4018
2227	0.3944
2228	0.3887
2229	0.3524
2230	0.3633
2231	0.3633
2232	0.37
2233	0.345
2234	0.3465
2235	0.3572
2236	0.355
2237	0.3383
2238	0.3628
2239	0.3562
2240	0.3943
2241	0.3937
2242	0.384
2243	0.3768
2244	0.3693
2245	0.3742
2246	0.3569
2247	0.3399
2248	0.3507
2249	0.3667
2250	0.3454
2251	0.3526
2252	0.3654
2253	0.3616
2254	0.4022
2255	0.376
2256	0.3721
2257	0.3625
2258	0.3465
2259	0.2989
2260	0.2853
2261	0.3002
2262	0.3002
2263	0.3222
2264	0.3052
2265	0.2944
2266	0.282
2267	0.3029
2268	0.2866
2269	0.296
2270	0.3094
2271	0.333
2272	0.3358
2273	0.3349
2274	0.3327
2275	0.3742
2276	0.3942
2277	0.3945
2278	0.3812
2279	0.3689
2280	0.3658
2281	0.3612
2282	0.3415
2283	0.3882
2284	0.3856
2285	0.3847
2286	0.4141
2287	0.4342
2288	0.4282
2289	0.4263
2290	0.4086
2291	0.4056
2292	0.3804
2293	0.3661
2294	0.3946
2295	0.4251
2296	0.4024
2297	0.383
2298	0.3927
2299	0.3986
2300	0.4204
2301	0.425
2302	0.4015
2303	0.3846
2304	0.3706
2305	0.3775
2306	0.4115
2307	0.408
2308	0.4029
2309	0.4431
2310	0.4347
2311	0.4537
2312	0.446
2313	0.4454
2314	0.4285
2315	0.4097
2316	0.3859
2317	0.3953
2318	0.3775
2319	0.3777
2320	0.3925
2321	0.422
2322	0.4276
2323	0.4491
2324	0.5006
2325	0.4808
2326	0.4801
2327	0.4498
2328	0.4365
2329	0.4551
2330	0.4514
2331	0.4826
2332	0.4987
2333	0.4819
2334	0.5066
2335	0.5094
2336	0.506
2337	0.4813
2338	0.476
2339	0.4629
2340	0.4415
2341	0.4333
2342	0.4225
2343	0.4226
2344	0.4202
2345	0.4216
2346	0.4209
2347	0.4058
2348	0.3828
2349	0.3975
2350	0.3951
2351	0.3913
2352	0.3913
2353	0.4154
2354	0.4025
2355	0.4088
2356	0.3712
2357	0.3766
2358	0.368
2359	0.3523
2360	0.3615
2361	0.3782
2362	0.3903
2363	0.3775
2364	0.394
2365	0.3679
2366	0.4222
2367	0.3859
2368	0.3777
2369	0.379
2370	0.3902
2371	0.3768
2372	0.3461
2373	0.3727
2374	0.4002
2375	0.3944
2376	0.4075
2377	0.3912
2378	0.3917
2379	0.4001
2380	0.3965
2381	0.3818
2382	0.4008
2383	0.3941
2384	0.375
2385	0.3615
2386	0.3885
2387	0.4305
2388	0.3928
2389	0.4389
2390	0.4077
2391	0.4397
2392	0.4472
2393	0.4473
2394	0.4604
2395	0.4462
2396	0.4597
2397	0.4707
2398	0.4578
2399	0.4699
2400	0.4687
2401	0.4738
2402	0.4745
2403	0.4494
2404	0.438
2405	0.4324
2406	0.4393
2407	0.4244
2408	0.4612
2409	0.5245
2410	0.5325
2411	0.5343
2412	0.5307
2413	0.5296
2414	0.502
2415	0.5054
2416	0.4979
2417	0.516
2418	0.516
2419	0.4935
2420	0.4806
2421	0.4873
2422	0.4873
2423	0.4801
2424	0.479
2425	0.479
2426	0.4691
2427	0.4976
2428	0.4823
2429	0.5195
2430	0.5583
2431	0.5583
2432	0.5396
2433	0.5236
2434	0.4856
2435	0.5052
2436	0.4969
2437	0.4846
2438	0.45
2439	0.4211
2440	0.4425
2441	0.4372
2442	0.479
2443	0.4793
2444	0.4462
2445	0.4309
2446	0.4396
2447	0.4258
2448	0.4129
2449	0.4067
2450	0.3801
2451	0.3729
2452	0.3705
2453	0.3847
2454	0.3726
2455	0.3721
2456	0.4028
2457	0.406
2458	0.3808
2459	0.3853
2460	0.401
2461	0.3911
2462	0.3886
2463	0.3903
2464	0.3922
2465	0.3995
2466	0.3848
2467	0.3849
2468	0.3761
2469	0.3677
2470	0.3657
2471	0.3794
2472	0.3797
2473	0.3832
2474	0.3892
2475	0.3892
2476	0.4022
2477	0.4063
2478	0.3576
2479	0.3898
2480	0.3698
2481	0.3839
2482	0.4013
2483	0.4136
2484	0.4145
2485	0.4244
2486	0.4024
2487	0.4227
2488	0.4426
2489	0.4382
2490	0.4482
2491	0.4414
2492	0.4821
2493	0.5037
2494	0.4585
2495	0.4914
2496	0.4688
2497	0.4662
2498	0.4488
2499	0.3951
2500	0.3926
2501	0.4032
2502	0.4162
2503	0.4031
2504	0.4267
2505	0.4369
2506	0.4401
2507	0.4401
2508	0.4398
2509	0.4384
2510	0.4832
2511	0.4983
2512	0.4929
2513	0.4536
2514	0.4465
2515	0.4457
2516	0.4405
2517	0.4347
2518	0.4586
2519	0.4533
2520	0.4454
2521	0.4473
2522	0.4654
2523	0.4504
2524	0.4427
2525	0.4375
2526	0.4162
2527	0.415
2528	0.4158
2529	0.413
2530	0.4082
2531	0.4206
2532	0.4045
2533	0.4045
2534	0.4416
2535	0.4728
2536	0.4637
2537	0.4623
2538	0.4515
2539	0.442
2540	0.4311
2541	0.4468
2542	0.4343
2543	0.4345
2544	0.4778
2545	0.4682
2546	0.4487
2547	0.4442
2548	0.4531
2549	0.4216
2550	0.4136
2551	0.3988
2552	0.3918
2553	0.4044
2554	0.3926
2555	0.3793
2556	0.3765
2557	0.3495
2558	0.3407
2559	0.3509
2560	0.3727
2561	0.3514
2562	0.351
2563	0.3579
2564	0.3494
2565	0.376
2566	0.383
2567	0.3636
2568	0.3852
2569	0.3777
2570	0.363
2571	0.3691
2572	0.3714
2573	0.3581
2574	0.3392
2575	0.3867
2576	0.41
2577	0.3962
2578	0.3858
2579	0.3881
2580	0.3881
2581	0.4076
2582	0.3729
2583	0.3654
2584	0.3501
2585	0.3747
2586	0.3732
2587	0.3918
2588	0.4093
2589	0.3952
2590	0.4014
2591	0.4071
2592	0.4355
2593	0.4261
2594	0.4256
2595	0.3897
2596	0.4019
2597	0.3666
2598	0.3666
2599	0.4013
2600	0.3796
2601	0.3889
2602	0.3925
2603	0.4064
2604	0.4363
2605	0.4294
2606	0.4347
2607	0.4231
2608	0.411
2609	0.4199
2610	0.4156
2611	0.4131
2612	0.4295
2613	0.4214
2614	0.4101
2615	0.4423
2616	0.4026
2617	0.4253
2618	0.4616
2619	0.4353
2620	0.4337
2621	0.4624
2622	0.4445
2623	0.4524
2624	0.4658
2625	0.4739
2626	0.481
2627	0.5001
2628	0.4823
2629	0.4759
2630	0.4904
2631	0.4849
2632	0.5102
2633	0.5195
2634	0.4877
2635	0.487
2636	0.4875
2637	0.478
2638	0.4709
2639	0.488
2640	0.4448
2641	0.4466
2642	0.3871
2643	0.4349
2644	0.4309
2645	0.4634
2646	0.4446
2647	0.4376
2648	0.4591
2649	0.4999
2650	0.456
2651	0.4515
2652	0.4786
2653	0.4586
2654	0.4414
2655	0.466
2656	0.4663
2657	0.4701
2658	0.4506
2659	0.4376
2660	0.4703
2661	0.4912
2662	0.4939
2663	0.5128
2664	0.4849
2665	0.491
2666	0.4755
2667	0.4769
2668	0.4611
2669	0.4252
2670	0.4067
2671	0.3903
2672	0.4
2673	0.4143
2674	0.3731
2675	0.3784
2676	0.3915
2677	0.3864
2678	0.3764
2679	0.3686
2680	0.3353
2681	0.3622
2682	0.3622
2683	0.3426
2684	0.3495
2685	0.3592
2686	0.3846
2687	0.3773
2688	0.4067
2689	0.3965
2690	0.411
2691	0.4309
2692	0.4282
2693	0.4189
2694	0.4212
2695	0.4472
2696	0.4515
2697	0.4639
2698	0.4703
2699	0.4956
2700	0.4834
2701	0.5024
2702	0.4835
2703	0.4849
2704	0.4811
2705	0.4401
2706	0.4042
2707	0.4209
2708	0.4203
2709	0.3768
2710	0.3898
2711	0.4008
2712	0.4104
2713	0.4109
2714	0.4182
2715	0.4071
2716	0.436
2717	0.4008
2718	0.3895
2719	0.3857
2720	0.3994
2721	0.3879
2722	0.3907
2723	0.3794
2724	0.3597
2725	0.3453
2726	0.3373
2727	0.3306
2728	0.3306
2729	0.3581
2730	0.3393
2731	0.3479
2732	0.334
2733	0.3182
2734	0.3194
2735	0.3167
2736	0.328
2737	0.3019
2738	0.3241
2739	0.3177
2740	0.3225
2741	0.2908
2742	0.3187
2743	0.3139
2744	0.313
2745	0.3193
2746	0.3067
2747	0.3184
2748	0.329
2749	0.3401
2750	0.3342
2751	0.3495
2752	0.3443
2753	0.3458
2754	0.3341
2755	0.329
2756	0.3373
2757	0.3173
2758	0.3238
2759	0.3264
2760	0.3286
2761	0.3501
2762	0.3538
2763	0.3562
2764	0.3388
2765	0.3574
2766	0.3779
2767	0.3561
2768	0.356
2769	0.3397
2770	0.3598
2771	0.3686
2772	0.3874
2773	0.3985
2774	0.3788
2775	0.3816
2776	0.3376
2777	0.3652
2778	0.3986
2779	0.4228
2780	0.4339
2781	0.4194
2782	0.3683
2783	0.37
2784	0.3948
2785	0.3973
2786	0.3873
2787	0.3822
2788	0.3822
2789	0.374
2790	0.3516
2791	0.3635
2792	0.3873
2793	0.3861
2794	0.3982
2795	0.3918
2796	0.3812
2797	0.3905
2798	0.3801
2799	0.3869
2800	0.3986
2801	0.4029
2802	0.3801
2803	0.3786
2804	0.3847
2805	0.3636
2806	0.3647
2807	0.3595
2808	0.379
2809	0.3891
2810	0.3865
2811	0.3867
2812	0.4049
2813	0.4189
2814	0.4039
2815	0.3988
2816	0.3865
2817	0.33
2818	0.3243
2819	0.3092
2820	0.3224
2821	0.3212
2822	0.3224
2823	0.3214
2824	0.3179
2825	0.3251
2826	0.379
2827	0.3977
2828	0.3753
2829	0.3915
2830	0.4147
2831	0.4174
2832	0.4393
2833	0.4347
2834	0.4183
2835	0.3099
2836	0.3282
2837	0.3235
2838	0.3296
2839	0.3568
2840	0.3574
2841	0.3715
2842	0.4113
2843	0.447
2844	0.4366
2845	0.4107
2846	0.4247
2847	0.4318
2848	0.4798
2849	0.4765
2850	0.49
2851	0.4751
2852	0.4659
2853	0.4825
2854	0.4705
2855	0.4315
2856	0.4302
2857	0.4283
2858	0.4419
2859	0.4443
2860	0.3972
2861	0.4027
2862	0.4128
2863	0.3986
2864	0.4067
2865	0.4001
2866	0.4178
2867	0.4021
2868	0.4223
2869	0.3992
2870	0.3741
2871	0.3843
2872	0.3916
2873	0.3982
2874	0.4375
2875	0.4492
2876	0.496
2877	0.4911
2878	0.4832
2879	0.4889
2880	0.4953
2881	0.4874
2882	0.4874
2883	0.4407
2884	0.4571
2885	0.4522
2886	0.4629
2887	0.4437
2888	0.4372
2889	0.434
2890	0.4422
2891	0.4467
2892	0.4579
2893	0.4542
2894	0.466
2895	0.4689
2896	0.4484
2897	0.4723
2898	0.4784
2899	0.4261
2900	0.4521
2901	0.4397
2902	0.4397
2903	0.4588
2904	0.4574
2905	0.4938
2906	0.4688
2907	0.4875
2908	0.4843
2909	0.486
2910	0.4807
2911	0.4829
2912	0.4894
2913	0.4872
2914	0.4728
2915	0.4761
2916	0.4612
2917	0.4502
2918	0.4453
2919	0.4158
2920	0.4185
2921	0.3819
2922	0.387
2923	0.4236
2924	0.4467
2925	0.4594
2926	0.4424
2927	0.4426
2928	0.4555
2929	0.4327
2930	0.4252
2931	0.4066
2932	0.3947
2933	0.3986
2934	0.38
2935	0.3915
2936	0.406
2937	0.4064
2938	0.4104
2939	0.4285
2940	0.4253
2941	0.4193
2942	0.3881
2943	0.3887
2944	0.4075
2945	0.3878
2946	0.3927
2947	0.4315
2948	0.4368
2949	0.4208
2950	0.4341
2951	0.4028
2952	0.3927
2953	0.3682
2954	0.3848
2955	0.3883
2956	0.3963
2957	0.3607
2958	0.3629
2959	0.365
2960	0.3714
2961	0.3544
2962	0.3592
2963	0.3627
2964	0.359
2965	0.3986
2966	0.3918
2967	0.4141
2968	0.4463
2969	0.4481
2970	0.4455
2971	0.437
2972	0.4456
2973	0.4261
2974	0.4321
2975	0.4237
2976	0.4793
2977	0.4678
2978	0.4478
2979	0.4641
2980	0.4592
2981	0.454
2982	0.4559
2983	0.4448
2984	0.4596
2985	0.4639
2986	0.4639
2987	0.4727
2988	0.4644
2989	0.4831
2990	0.4744
2991	0.4493
2992	0.4681
2993	0.4657
2994	0.4839
2995	0.4316
2996	0.4344
2997	0.4249
2998	0.4197
2999	0.443
3000	0.5146
2001	-0.5019
2002	-0.1004
2003	-0.5103
2004	-0.8097
2005	-0.1679
2006	-0.5437
2007	-0.6567
2008	-0.7508
2009	-0.7362
2010	-0.3599
2011	-0.526
2012	-0.1742
2013	-0.1938
2014	-0.3845
2015	-0.8707
2016	-0.4739
2017	-0.4739
2018	-0.6582
2019	-0.3375
2020	-0.5243
2021	-0.4977
2022	-0.9985
2023	-0.4255
2024	-0.2179
2025	-0.5964
2026	-0.6715
2027	-0.4915
2028	-0.3765
2029	-0.8431
2030	-0.6169
2031	-0.7057
2032	-0.3741
2033	-0.1021
2034	-0.5683
2035	-0.4221
2036	-0.4537
2037	-0.06697
2038	-0.6729
2039	-0.234
2040	-0.3257
2041	-0.4848
2042	-1.041
2043	-0.7412
2044	-0.307
2045	-0.1061
2046	-0.1162
2047	-0.4958
2048	-0.6995
2049	-0.4299
2050	-0.2751
2051	-0.9431
2052	-0.8995
2053	-0.4048
2054	-0.689
2055	-0.5077
2056	-0.5135
2057	-0.4993
2058	-0.4852
2059	-0.3509
2060	-0.5279
2061	-0.5114
2062	-0.4542
2063	-0.5012
2064	-0.6056
2065	-0.3394
2066	-0.5919
2067	-0.5254
2068	-0.6153
2069	-0.7821
2070	-0.6706
2071	-0.6629
2072	-0.3864
2073	-0.3864
2074	-0.5095
2075	-0.2158
2076	-0.3197
2077	-0.2809
2078	-0.4576
2079	-0.7991
2080	-0.3798
2081	-0.453
2082	-0.04046
2083	-0.2991
2084	-0.6965
2085	-0.5151
2086	-0.3493
2087	-0.3696
2088	-0.7694
2089	-0.3951
2090	-0.8077
2091	-0.3255
2092	-0.159
2093	-0.3236
2094	-0.1248
2095	-0.1386
2096	-0.8251
2097	-0.4815
2098	-0.8278
2099	-0.5614
2100	-0.7586
2101	-0.4798
2102	-0.5714
2103	-0.5714
2104	-0.4272
2105	-0.3287
2106	-0.3724
2107	-0.6102
2108	-0.7195
2109	-0.7123
2110	-0.5514
2111	-0.294
2112	-0.4832
2113	-0.3127
2114	-0.6736
2115	-0.5052
2116	-0.5595
2117	-0.7684
2118	-0.385
2119	-0.6529
2120	-0.5914
2121	-0.3509
2122	-0.6172
2123	-0.4714
2124	-0.4956
2125	-1.029
2126	-0.7198
2127	-0.3812
2128	-0.6071
2129	-0.3853
2130	-0.762
2131	-0.5042
2132	-0.6057
2133	-0.3158
2134	-0.8305
2135	-0.811
2136	-0.3784
2137	-0.5035
2138	-0.3681
2139	-0.697
2140	-0.2296
2141	-0.4336
2142	-0.3162
2143	-0.2795
2144	-0.4217
2145	-0.4399
2146	-0.5497
2147	-0.8727
2148	-0.5572
2149	-0.4263
2150	-0.4901
2151	-0.6136
2152	-0.4191
2153	-0.3263
2154	-0.7798
2155	-0.5029
2156	-0.5453
2157	-0.5637
2158	-0.4757
2159	-0.3388
2160	-0.3717
2161	-0.5691
2162	-0.5107
2163	-0.9141
2164	-0.4907
2165	0.0678
2166	-0.2954
2167	-0.2954
2168	-0.3433
2169	-1.105
2170	-0.8173
2171	-0.6072
2172	-0.7814
2173	-0.7917
2174	-0.5275
2175	-0.8843
2176	-0.8875
2177	-0.8035
2178	-0.8015
2179	-0.6688
2180	-0.2204
2181	-0.6014
2182	-0.4533
2183	-0.3292
2184	-0.6202
2185	-0.6202
2186	-0.888
2187	-0.06327
2188	-0.6078
2189	-0.1598
2190	0.06357
2191	-0.1918
2192	-0.2634
2193	-0.5561
2194	-0.3515
2195	-0.7776
2196	-0.6887
2197	-0.7441
2198	-0.6593
2199	-0.4349
2200	-0.3718
2201	-0.639
2202	-0.4992
2203	-0.7356
2204	-0.3576
2205	-0.1514
2206	-0.2642
2207	-0.2873
2208	-0.5628
2209	-0.6521
2210	-0.6907
2211	-0.4962
2212	-0.765
2213	-0.2488
2214	-0.827
2215	-0.5931
2216	-0.6524
2217	-0.4791
2218	-0.1066
2219	-0.5238
2220	-0.6283
2221	-0.03707
2222	-0.2556
2223	-0.5654
2224	-0.5358
2225	-0.5239
2226	-0.8151
2227	-0.7476
2228	-0.8257
2229	-0.2944
2230	-0.1702
2231	-0.775
2232	-0.775
2233	-0.5106
2234	-0.5172
2235	-0.7127
2236	-0.6245
2237	-0.4415
2238	-0.6085
2239	-0.1722
2240	-0.6264
2241	-0.5565
2242	-0.627
2243	-0.369
2244	-0.8075
2245	-0.8768
2246	-0.5038
2247	-0.4166
2248	-0.5245
2249	-0.6582
2250	-0.3018
2251	-0.5963
2252	-0.4354
2253	-0.4259
2254	-0.3625
2255	-0.4799
2256	-0.6563
2257	-0.5104
2258	-0.8164
2259	-0.6977
2260	-0.5039
2261	-0.4438
2262	-0.7015
2263	-0.6142
2264	-0.5021
2265	-0.5517
2266	-0.3809
2267	-0.5596
2268	-0.5803
2269	-0.9284
2270	-0.682
2271	-0.826
2272	-0.9045
2273	-0.5861
2274	-0.3893
2275	-0.3361
2276	-0.5389
2277	-0.1476
2278	-0.7615
2279	-0.4377
2280	-0.6518
2281	-0.09162
2282	-0.2189
2283	-0.4433
2284	-0.5017
2285	-0.5017
2286	-0.8013
2287	-0.6987
2288	-0.6528
2289	-0.8737
2290	-0.6216
2291	-0.8482
2292	-0.1146
2293	-0.2626
2294	-0.468
2295	-0.4261
2296	-0.4261
2297	-1.025
2298	-0.4702
2299	-0.7792
2300	-0.9549
2301	-0.7456
2302	-0.9256
2303	-0.7353
2304	-0.7066
2305	-0.5721
2306	-0.3468
2307	-0.1836
2308	-0.5966
2309	-0.5888
2310	-0.5212
2311	-0.6234
2312	-0.7984
2313	0.1119
2314	-0.8471
2315	-0.6402
2316	-0.6402
2317	-0.321
2318	-0.4694
2319	-0.354
2320	-0.6049
2321	-0.4766
2322	-0.8109
2323	-0.3393
2324	-0.8108
2325	-0.633
2326	-0.8716
2327	-0.3036
2328	-0.4267
2329	-0.6447
2330	-0.7443
2331	-0.393
2332	-0.6508
2333	-0.8951
2334	-0.6676
2335	-0.8291
2336	-0.4225
2337	-0.2779
2338	-0.2256
2339	-0.7227
2340	-0.3138
2341	-0.578
2342	-0.7878
2343	-0.6577
2344	-0.4911
2345	-0.2492
2346	-0.9063
2347	-0.7934
2348	-0.6086
2349	-0.4242
2350	-0.5867
2351	-0.5473
2352	-0.6211
2353	-0.6747
2354	-0.5649
2355	-0.7825
2356	-0.7005
2357	-0.4681
2358	-1.026
2359	-0.9471
2360	-0.3154
2361	-0.5761
2362	-0.4671
2363	-0.6488
2364	-0.866
2365	-0.7983
2366	-0.6911
2367	-0.7026
2368	-0.801
2369	-0.9512
2370	-0.5378
2371	-0.2693
2372	-0.3686
2373	-0.323
2374	-0.6788
2375	-0.932
2376	-0.663
2377	-0.612
2378	-0.3778
2379	-0.6452
2380	-0.6152
2381	-0.66
2382	-0.4976
2383	-0.783
2384	-0.6381
2385	-0.8193
2386	-0.4938
2387	-0.5036
2388	-0.5551
2389	-0.5417
2390	-0.3407
2391	-0.4546
2392	-0.4751
2393	-0.5064
2394	-0.4323
2395	-0.5918
2396	-0.5918
2397	-0.6527
2398	-0.7099
2399	-0.6958
2400	-0.6958
2401	-0.6071
2402	-0.7436
2403	-0.4811
2404	-0.454
2405	-0.4067
2406	-0.6021
2407	-0.8115
2408	-0.6146
2409	0.1051
2410	-0.02393
2411	-0.6755
2412	-0.6218
2413	-0.7716
2414	-0.3406
2415	-0.6049
2416	-0.5223
2417	-0.4951
2418	-0.7466
2419	-0.653
2420	-0.653
2421	-0.4781
2422	-0.516
2423	-0.5766
2424	-0.5766
2425	-0.5758
2426	-0.5036
2427	-0.4728
2428	-0.3774
2429	-0.02339
2430	-0.6959
2431	-0.6875
2432	-0.5362
2433	-0.9568
2434	-0.7664
2435	-0.7426
2436	-0.3889
2437	-0.5897
2438	-0.6283
2439	-0.3812
2440	-0.6443
2441	-0.5602
2442	-0.112
2443	-0.808
2444	-0.2386
2445	-0.6907
2446	-0.743
2447	-0.4324
2448	-0.6854
2449	-0.7896
2450	-0.6466
2451	-0.6473
2452	-0.9136
2453	-0.7109
2454	-0.7109
2455	-0.9249
2456	-0.2922
2457	-0.5741
2458	-0.5741
2459	-0.3683
2460	-0.77
2461	-0.7257
2462	-0.6487
2463	-0.6833
2464	-0.348
2465	-0.3455
2466	-0.3334
2467	-0.4348
2468	-0.6298
2469	-0.01519
2470	-1.019
2471	-0.7374
2472	-0.6169
2473	-0.878
2474	-0.3744
2475	-0.3744
2476	-0.6803
2477	-0.6236
2478	-0.5385
2479	-0.5236
2480	-0.4869
2481	-0.8715
2482	-0.9042
2483	-0.1875
2484	-0.2979
2485	-0.5751
2486	-0.5905
2487	-0.6627
2488	-0.7133
2489	-0.9985
2490	-0.7487
2491	-0.584
2492	-0.4921
2493	-0.4595
2494	-0.302
2495	-0.4743
2496	-0.3933
2497	-0.3933
2498	-0.3392
2499	-0.1914
2500	-0.5518
2501	-0.4623
2502	-0.4201
2503	-0.6013
2504	-0.6013
2505	-0.6189
2506	-0.7606
2507	-0.6504
2508	-0.7502
2509	-0.671
2510	-0.6045
2511	-0.8407
2512	-0.9864
2513	-0.523
2514	-0.2803
2515	-0.5248
2516	0.05206
2517	-0.4251
2518	-0.2871
2519	-0.2949
2520	-0.2497
2521	-0.2248
2522	-0.2107
2523	-0.3818
2524	-0.908
2525	-0.7098
2526	-0.3912
2527	-0.2977
2528	-0.5707
2529	-0.5472
2530	-0.5858
2531	-0.7849
2532	-0.257
2533	-0.4677
2534	-0.5797
2535	-0.3884
2536	-0.6287
2537	-0.7584
2538	-0.498
2539	-0.7008
2540	-0.8918
2541	-0.2722
2542	-0.7266
2543	-0.5526
2544	-0.4593
2545	-0.4917
2546	-0.3492
2547	-0.174
2548	-0.583
2549	-0.3445
2550	-0.2535
2551	-0.6548
2552	-0.316
2553	-0.6349
2554	-0.7202
2555	-0.7912
2556	-0.6224
2557	-0.4585
2558	-0.1945
2559	-0.5883
2560	-0.648
2561	-0.7123
2562	-0.5139
2563	-0.648
2564	-0.4915
2565	-0.7156
2566	-0.545
2567	-0.7455
2568	-0.7455
2569	-0.8664
2570	-0.8715
2571	-0.6536
2572	-0.6536
2573	-0.4253
2574	-0.4349
2575	-0.7281
2576	-0.6227
2577	-0.6684
2578	-0.3814
2579	-0.8292
2580	-0.1857
2581	-0.5657
2582	-0.4959
2583	-0.4959
2584	-0.5656
2585	-0.672
2586	-0.3247
2587	-0.323
2588	-0.3164
2589	-0.241
2590	-0.02926
2591	-0.2268
2592	-0.5581
2593	-0.4937
2594	-0.281
2595	-0.7265
2596	-0.5281
2597	-0.8564
2598	-0.714
2599	-0.6166
2600	-0.4191
2601	-0.4262
2602	-0.285
2603	-0.594
2604	-0.7503
2605	-0.6512
2606	-0.733
2607	-0.4301
2608	-0.6647
2609	-0.3486
2610	-0.335
2611	-0.7194
2612	-0.5535
2613	-0.3177
2614	-0.4187
2615	-0.164
2616	-0.4411
2617	-0.5095
2618	-0.5314
2619	-0.3094
2620	-0.3447
2621	-0.546
2622	-0.4169
2623	-0.449
2624	-0.326
2625	-0.6525
2626	-0.6955
2627	-0.6376
2628	-0.4588
2629	-0.3258
2630	-0.3371
2631	-0.6589
2632	-0.3973
2633	-0.5695
2634	-0.4399
2635	-0.8004
2636	-0.4013
2637	0.05882
2638	-0.1527
2639	-0.3716
2640	-0.6405
2641	-0.8385
2642	-0.5954
2643	-0.7359
2644	-0.452
2645	-0.9386
2646	-0.8326
2647	-0.343
2648	-0.353
2649	-0.6034
2650	-0.4839
2651	-0.7081
2652	-0.4575
2653	-0.2762
2654	-0.7131
2655	-0.4242
2656	-0.4532
2657	-0.5874
2658	-0.6474
2659	-0.5455
2660	-0.5455
2661	-0.6025
2662	-0.3043
2663	-0.4644
2664	-0.09529
2665	-0.363
2666	-0.7473
2667	-0.1738
2668	-0.7676
2669	-0.3339
2670	-0.5967
2671	-0.206
2672	-0.3853
2673	-0.6461
2674	-0.3639
2675	-0.3383
2676	-0.3189
2677	-0.7217
2678	-0.6157
2679	-0.4626
2680	-0.5563
2681	-0.8168
2682	-0.712
2683	-0.4801
2684	-0.5679
2685	-0.6796
2686	-0.2458
2687	-0.5089
2688	0.05173
2689	0.05074
2690	-0.4518
2691	-0.1801
2692	-0.6574
2693	-0.7337
2694	-0.3176
2695	-0.5546
2696	-0.9108
2697	-0.4324
2698	-0.1102
2699	-0.7061
2700	-0.1988
2701	-0.4365
2702	-0.6859
2703	-0.6316
2704	-0.5526
2705	-0.573
2706	-0.6398
2707	-0.4607
2708	-0.2082
2709	-0.4172
2710	-0.4805
2711	-0.4222
2712	-0.317
2713	-0.5628
2714	-0.451
2715	-0.7276
2716	-0.4874
2717	-0.5097
2718	-0.3505
2719	-0.3505
2720	-0.3315
2721	-0.3311
2722	-0.5581
2723	-0.09323
2724	-0.4839
2725	-0.2098
2726	-0.6356
2727	-0.5001
2728	-0.4884
2729	-0.6474
2730	-0.234
2731	-0.4573
2732	-0.4611
2733	-0.4611
2734	-0.6166
2735	-1.016
2736	-0.3365
2737	-0.5261
2738	-0.61
2739	-0.721
2740	-0.6126
2741	-0.7162
2742	-0.5367
2743	-0.2522
2744	-0.748
2745	-0.4861
2746	-0.7077
2747	-0.5864
2748	-0.7007
2749	-0.8865
2750	-0.7879
2751	-0.4194
2752	-0.1561
2753	-0.5572
2754	-0.5572
2755	-0.711
2756	-0.4223
2757	-0.4571
2758	-0.5812
2759	-0.6831
2760	-0.1961
2761	-0.3784
2762	-0.09735
2763	-0.3441
2764	-0.2616
2765	-1.09
2766	-0.4786
2767	-0.7361
2768	-0.6721
2769	-0.3293
2770	-0.5119
2771	-0.9344
2772	-0.8488
2773	-0.8032
2774	-0.6696
2775	-0.5458
2776	-0.2903
2777	-0.9727
2778	-0.4423
2779	-0.5157
2780	-0.5157
2781	-0.4901
2782	-0.4555
2783	-0.7064
2784	-0.5191
2785	-0.3922
2786	-0.6218
2787	-0.4155
2788	-0.3665
2789	-0.5014
2790	-0.9915
2791	-0.5207
2792	-0.162
2793	-0.7368
2794	-0.3241
2795	-0.5756
2796	-0.5857
2797	-0.5259
2798	-0.4164
2799	-0.4085
2800	-0.4371
2801	-0.6846
2802	-0.3777
2803	-0.09532
2804	-0.4424
2805	-0.4395
2806	-0.4395
2807	-0.5101
2808	-0.445
2809	-0.7645
2810	-0.4646
2811	-0.3977
2812	-0.3736
2813	-0.8142
2814	-0.8215
2815	-0.7982
2816	-0.4623
2817	-0.4678
2818	-0.6814
2819	-0.3279
2820	-0.6519
2821	-0.2386
2822	-0.9886
2823	-0.6315
2824	-0.6509
2825	-0.5922
2826	-0.6331
2827	-0.6913
2828	-0.2982
2829	-0.1831
2830	-0.4638
2831	-0.2945
2832	-1.017
2833	-0.5511
2834	-0.5127
2835	-0.2469
2836	-0.6904
2837	-0.5447
2838	-0.2738
2839	-0.5731
2840	-0.7094
2841	-0.4257
2842	-0.3506
2843	-0.7138
2844	-0.5457
2845	-0.02755
2846	-0.5482
2847	-0.3764
2848	-0.3214
2849	-0.7835
2850	-0.6975
2851	-0.6117
2852	-0.9021
2853	-0.471
2854	-0.5376
2855	-0.24
2856	-0.4584
2857	-0.5361
2858	-0.5382
2859	-0.4882
2860	-0.4169
2861	-0.3589
2862	-0.4606
2863	-0.7355
2864	-0.6012
2865	-0.794
2866	-0.75
2867	-0.57
2868	-0.3712
2869	-0.3289
2870	-0.3587
2871	-0.4007
2872	-0.4319
2873	-0.4015
2874	-0.1916
2875	-0.2245
2876	-0.5349
2877	-0.5007
2878	-0.5007
2879	-0.5365
2880	-0.4356
2881	-0.6946
2882	-0.4186
2883	-0.7598
2884	-0.2564
2885	-0.574
2886	-0.74
2887	-0.3379
2888	-0.515
2889	-0.515
2890	-0.595
2891	-0.394
2892	-0.5643
2893	-0.5416
2894	-0.5961
2895	-0.6942
2896	-0.4852
2897	-0.2749
2898	-0.1913
2899	-0.5159
2900	-0.6398
2901	-0.2771
2902	-0.5381
2903	-0.2485
2904	-0.53
2905	-0.6275
2906	-0.2563
2907	-0.2991
2908	-0.4627
2909	-0.4699
2910	-0.4069
2911	-0.7041
2912	-0.4989
2913	-0.2997
2914	-0.7813
2915	-0.8615
2916	-0.9018
2917	-1.036
2918	-0.7354
2919	-0.6799
2920	-0.4981
2921	-0.7673
2922	-0.3743
2923	-0.6251
2924	-0.8066
2925	-0.6269
2926	-0.5306
2927	-0.639
2928	-0.3759
2929	-0.4624
2930	-0.03083
2931	-0.3005
2932	-0.4549
2933	-0.1163
2934	-0.3079
2935	-0.3278
2936	-0.4028
2937	-0.671
2938	-0.9616
2939	-0.5669
2940	-0.2213
2941	-0.5173
2942	-0.1997
2943	-0.6475
2944	-0.6475
2945	-0.6091
2946	-0.2366
2947	-0.5482
2948	-0.2434
2949	-0.6923
2950	-0.5124
2951	-0.9009
2952	-0.3583
2953	-0.2671
2954	-0.6677
2955	-0.8439
2956	-0.6782
2957	-0.9914
2958	-0.09517
2959	-0.2975
2960	-0.7745
2961	-0.413
2962	-0.491
2963	-0.546
2964	-0.4675
2965	-0.5619
2966	-0.4202
2967	-0.5221
2968	-0.5474
2969	-0.2164
2970	-0.4024
2971	-0.8399
2972	-0.5693
2973	-0.1969
2974	-0.5956
2975	-0.5866
2976	-0.6795
2977	-0.9778
2978	-0.8921
2979	-0.293
2980	-0.396
2981	-0.9552
2982	-0.3668
2983	-0.5661
2984	-0.8389
2985	-0.5203
2986	-0.5578
2987	-0.1838
2988	-0.1913
2989	-0.2857
2990	-0.529
2991	-0.529
2992	-0.5503
2993	-0.4357
2994	-0.4206
2995	-0.5195
2996	-0.4452
2997	-0.4736
2998	-0.4187
2999	-0.4105
3000	-0.7047
2001	1.673
2002	2.573
2003	2.435
2004	1.454
2005	2.033
2006	1.794
2007	1.972
2008	1.605
2009	2.185
2010	1.714
2011	2.388
2012	2.202
2013	2.477
2014	2.705
2015	2.614
2016	2.481
2017	2.295
2018	2.235
2019	1.411
2020	1.719
2021	2.092
2022	1.76
2023	1.769
2024	2.323
2025	1.995
2026	2.707
2027	1.627
2028	2.513
2029	2.252
2030	3.62
2031	2.155
2032	1.854
2033	1.662
2034	1.859
2035	1.683
2036	1.798
2037	2.694
2038	2.128
2039	2.258
2040	1.407
2041	2.419
2042	1.757
2043	2.379
2044	2.445
2045	1.834
2046	1.949
2047	1.823
2048	1.784
2049	2.765
2050	2.555
2051	2.198
2052	2.647
2053	2.553
2054	2.553
2055	1.93
2056	1.793
2057	2.0
2058	2.613
2059	1.855
2060	1.996
2061	2.278
2062	2.229
2063	2.045
2064	2.12
2065	2.744
2066	2.444
2067	1.743
2068	2.551
2069	1.829
2070	1.229
2071	2.153
2072	2.923
2073	2.481
2074	2.1
2075	1.657
2076	2.076
2077	2.124
2078	2.268
2079	2.604
2080	2.165
2081	2.328
2082	1.751
2083	2.04
2084	2.521
2085	2.482
2086	2.333
2087	3.156
2088	2.691
2089	2.466
2090	2.374
2091	2.085
2092	1.436
2093	1.723
2094	2.507
2095	1.18
2096	1.923
2097	2.462
2098	2.568
2099	2.289
2100	1.939
2101	1.789
2102	2.079
2103	2.367
2104	2.367
2105	2.028
2106	1.896
2107	2.609
2108	2.219
2109	2.208
2110	1.864
2111	1.782
2112	2.155
2113	1.895
2114	2.47
2115	1.981
2116	2.204
2117	1.872
2118	1.6
2119	1.447
2120	1.792
2121	1.936
2122	1.63
2123	2.383
2124	2.147
2125	2.151
2126	2.151
2127	1.623
2128	2.193
2129	2.487
2130	1.909
2131	1.818
2132	1.926
2133	2.345
2134	2.395
2135	2.52
2136	2.006
2137	1.505
2138	1.906
2139	2.037
2140	2.425
2141	1.673
2142	2.409
2143	2.409
2144	2.015
2145	2.451
2146	2.08
2147	2.08
2148	2.197
2149	2.058
2150	2.121
2151	1.649
2152	1.897
2153	1.699
2154	1.991
2155	2.639
2156	2.85
2157	2.281
2158	2.242
2159	2.511
2160	1.837
2161	1.743
2162	1.743
2163	2.336
2164	1.283
2165	1.697
2166	2.189
2167	2.148
2168	1.686
2169	2.623
2170	2.09
2171	1.699
2172	1.736
2173	1.724
2174	1.778
2175	1.778
2176	1.934
2177	2.237
2178	2.972
2179	2.767
2180	2.882
2181	1.37
2182	1.925
2183	1.83
2184	2.393
2185	1.494
2186	2.439
2187	2.489
2188	2.657
2189	1.623
2190	2.215
2191	1.62
2192	2.761
2193	2.234
2194	2.106
2195	1.931
2196	2.225
2197	1.588
2198	1.588
2199	1.8
2200	1.979
2201	1.943
2202	1.653
2203	2.119
2204	2.144
2205	1.96
2206	1.777
2207	1.569
2208	1.887
2209	2.161
2210	2.054
2211	2.18
2212	2.273
2213	2.613
2214	2.765
2215	2.149
2216	1.799
2217	2.338
2218	1.835
2219	1.982
2220	2.897
2221	1.971
2222	2.112
2223	1.986
2224	2.099
2225	2.017
2226	1.724
2227	1.436
2228	1.496
2229	2.138
2230	2.328
2231	1.501
2232	2.225
2233	2.469
2234	2.619
2235	1.797
2236	2.379
2237	1.875
2238	2.875
2239	2.45
2240	1.833
2241	1.833
2242	2.898
2243	1.637
2244	1.476
2245	1.936
2246	2.123
2247	2.197
2248	1.596
2249	2.359
2250	1.82
2251	2.485
2252	3.272
2253	1.917
2254	2.027
2255	2.044
2256	1.579
2257	2.358
2258	1.824
2259	2.703
2260	2.511
2261	1.594
2262	1.299
2263	1.637
2264	2.462
2265	2.249
2266	2.392
2267	1.767
2268	1.919
2269	1.853
2270	1.977
2271	2.229
2272	2.215
2273	1.829
2274	1.741
2275	1.898
2276	2.503
2277	2.448
2278	1.568
2279	2.242
2280	2.183
2281	2.824
2282	2.713
2283	2.349
2284	2.27
2285	1.485
2286	2.076
2287	1.99
2288	2.249
2289	2.877
2290	2.666
2291	2.367
2292	2.843
2293	3.092
2294	2.587
2295	2.673
2296	1.674
2297	1.788
2298	1.962
2299	1.242
2300	1.498
2301	1.803
2302	2.981
2303	2.912
2304	2.125
2305	1.929
2306	1.361
2307	0.9699
2308	1.858
2309	2.217
2310	2.309
2311	2.407
2312	2.095
2313	2.236
2314	2.176
2315	2.739
2316	2.349
2317	1.8
2318	1.8
2319	2.12
2320	1.843
2321	1.542
2322	1.938
2323	1.954
2324	2.282
2325	2.843
2326	1.987
2327	2.116
2328	1.923
2329	1.95
2330	2.001
2331	1.856
2332	2.359
2333	2.464
2334	2.025
2335	2.025
2336	1.832
2337	1.751
2338	2.461
2339	1.861
2340	1.826
2341	2.027
2342	2.0
2343	2.0
2344	1.923
2345	1.944
2346	1.894
2347	1.876
2348	1.892
2349	1.686
2350	2.328
2351	2.139
2352	2.415
2353	2.026
2354	2.026
2355	2.141
2356	2.048
2357	1.909
2358	2.193
2359	3.401
2360	1.459
2361	1.919
2362	1.564
2363	2.478
2364	2.023
2365	2.543
2366	2.477
2367	2.425
2368	1.922
2369	1.865
2370	1.739
2371	1.862
2372	1.739
2373	1.762
2374	1.643
2375	1.988
2376	2.481
2377	2.578
2378	1.848
2379	1.816
2380	2.152
2381	2.441
2382	2.359
2383	2.187
2384	2.085
2385	2.476
2386	2.393
2387	1.74
2388	1.778
2389	2.165
2390	1.984
2391	2.641
2392	1.732
2393	1.764
2394	1.604
2395	2.464
2396	1.899
2397	1.635
2398	1.703
2399	1.68
2400	2.125
2401	1.882
2402	2.714
2403	2.71
2404	2.771
2405	2.653
2406	2.311
2407	2.383
2408	1.364
2409	1.925
2410	2.59
2411	1.827
2412	2.096
2413	2.379
2414	2.207
2415	1.991
2416	2.3
2417	2.384
2418	2.304
2419	2.101
2420	1.963
2421	1.505
2422	1.886
2423	2.123
2424	2.456
2425	1.821
2426	2.537
2427	1.588
2428	1.909
2429	3.075
2430	2.256
2431	1.947
2432	1.776
2433	2.0
2434	1.979
2435	2.471
2436	1.862
2437	1.567
2438	1.575
2439	2.622
2440	1.847
2441	2.189
2442	2.203
2443	2.245
2444	2.365
2445	2.014
2446	1.583
2447	1.792
2448	1.91
2449	1.785
2450	2.205
2451	2.205
2452	2.041
2453	1.912
2454	2.219
2455	1.7
2456	1.7
2457	2.276
2458	2.751
2459	1.74
2460	1.819
2461	2.267
2462	2.174
2463	1.985
2464	1.985
2465	2.28
2466	1.498
2467	2.001
2468	1.971
2469	2.168
2470	2.083
2471	2.289
2472	2.886
2473	2.414
2474	2.85
2475	2.301
2476	1.731
2477	1.813
2478	2.396
2479	1.251
2480	2.216
2481	2.192
2482	2.599
2483	1.679
2484	1.551
2485	2.294
2486	1.542
2487	1.836
2488	2.889
2489	2.123
2490	1.938
2491	1.761
2492	2.061
2493	1.438
2494	1.758
2495	1.758
2496	1.951
2497	2.233
2498	1.867
2499	2.448
2500	1.97
2501	1.886
2502	2.738
2503	2.76
2504	1.744
2505	2.734
2506	1.965
2507	2.306
2508	2.421
2509	1.84
2510	2.003
2511	2.23
2512	2.369
2513	2.374
2514	1.87
2515	1.874
2516	2.123
2517	1.585
2518	2.01
2519	1.993
2520	1.529
2521	1.96
2522	2.352
2523	1.658
2524	1.44
2525	2.01
2526	1.884
2527	2.519
2528	2.412
2529	1.275
2530	0.997
2531	2.105
2532	2.353
2533	2.48
2534	2.351
2535	2.06
2536	1.538
2537	1.907
2538	1.838
2539	2.003
2540	2.104
2541	1.546
2542	1.628
2543	1.817
2544	1.502
2545	1.31
2546	1.661
2547	2.024
2548	2.427
2549	1.878
2550	1.835
2551	1.835
2552	2.354
2553	1.757
2554	1.355
2555	1.701
2556	2.007
2557	2.065
2558	2.668
2559	2.32
2560	2.132
2561	2.132
2562	2.604
2563	2.313
2564	2.764
2565	1.763
2566	2.302
2567	2.204
2568	2.66
2569	2.66
2570	3.24
2571	1.75
2572	1.841
2573	1.387
2574	2.247
2575	1.808
2576	1.965
2577	2.345
2578	2.018
2579	2.428
2580	1.515
2581	1.348
2582	2.233
2583	2.915
2584	2.028
2585	2.415
2586	2.072
2587	2.221
2588	2.013
2589	2.102
2590	2.102
2591	2.359
2592	1.453
2593	2.283
2594	2.431
2595	1.763
2596	2.06
2597	2.701
2598	2.614
2599	2.01
2600	2.561
2601	1.771
2602	1.378
2603	2.226
2604	1.939
2605	1.47
2606	1.654
2607	1.856
2608	2.165
2609	1.972
2610	2.775
2611	2.69
2612	3.1
2613	1.84
2614	1.539
2615	1.752
2616	2.266
2617	2.266
2618	2.545
2619	2.713
2620	2.692
2621	1.73
2622	2.502
2623	2.855
2624	1.92
2625	1.969
2626	1.42
2627	1.718
2628	1.602
2629	1.427
2630	1.406
2631	2.003
2632	1.566
2633	1.563
2634	1.808
2635	2.027
2636	2.801
2637	1.919
2638	1.849
2639	1.821
2640	2.116
2641	2.115
2642	2.37
2643	2.635
2644	2.236
2645	1.889
2646	2.011
2647	2.011
2648	1.955
2649	2.336
2650	2.152
2651	1.832
2652	1.156
2653	2.291
2654	2.517
2655	1.851
2656	1.635
2657	1.897
2658	2.23
2659	1.522
2660	1.948
2661	1.929
2662	1.691
2663	2.376
2664	2.044
2665	2.231
2666	1.495
2667	2.46
2668	2.864
2669	1.955
2670	2.712
2671	2.372
2672	1.951
2673	2.502
2674	1.884
2675	1.989
2676	1.905
2677	2.117
2678	1.726
2679	2.373
2680	1.74
2681	1.924
2682	1.572
2683	1.794
2684	2.527
2685	2.298
2686	2.423
2687	2.48
2688	2.698
2689	3.351
2690	2.313
2691	1.776
2692	1.797
2693	2.925
2694	2.593
2695	2.314
2696	2.14
2697	1.723
2698	1.887
2699	1.803
2700	2.196
2701	2.488
2702	2.316
2703	2.568
2704	2.027
2705	1.953
2706	2.213
2707	1.769
2708	1.794
2709	1.999
2710	1.76
2711	2.145
2712	3.097
2713	2.893
2714	1.907
2715	2.126
2716	2.395
2717	1.583
2718	2.102
2719	1.996
2720	1.594
2721	2.529
2722	2.171
2723	2.236
2724	2.395
2725	2.61
2726	1.9
2727	2.644
2728	2.056
2729	2.074
2730	2.106
2731	1.946
2732	1.791
2733	2.411
2734	2.214
2735	2.248
2736	2.274
2737	2.508
2738	2.234
2739	2.302
2740	1.819
2741	2.963
2742	2.051
2743	2.979
2744	3.031
2745	2.575
2746	1.947
2747	2.098
2748	2.393
2749	2.231
2750	2.255
2751	1.899
2752	2.774
2753	2.248
2754	2.177
2755	1.935
2756	1.911
2757	1.645
2758	2.299
2759	1.673
2760	1.957
2761	1.897
2762	2.071
2763	2.408
2764	1.931
2765	2.131
2766	2.293
2767	2.148
2768	2.181
2769	2.314
2770	2.498
2771	2.303
2772	2.166
2773	1.941
2774	1.786
2775	1.744
2776	2.24
2777	2.287
2778	2.221
2779	2.065
2780	1.711
2781	1.789
2782	1.799
2783	1.509
2784	1.717
2785	1.604
2786	1.488
2787	1.75
2788	1.989
2789	2.222
2790	2.042
2791	1.784
2792	1.871
2793	2.661
2794	2.859
2795	2.347
2796	2.557
2797	2.016
2798	1.659
2799	2.162
2800	3.099
2801	3.411
2802	1.683
2803	2.102
2804	1.748
2805	1.826
2806	2.515
2807	1.556
2808	3.09
2809	2.416
2810	2.529
2811	1.894
2812	2.363
2813	2.363
2814	2.762
2815	2.035
2816	1.981
2817	1.925
2818	2.129
2819	2.387
2820	1.879
2821	2.191
2822	2.697
2823	1.42
2824	2.11
2825	1.186
2826	1.186
2827	2.331
2828	2.597
2829	2.047
2830	1.549
2831	3.049
2832	2.177
2833	2.385
2834	2.383
2835	2.108
2836	1.878
2837	1.779
2838	1.979
2839	1.865
2840	2.089
2841	2.215
2842	1.993
2843	2.55
2844	2.549
2845	2.467
2846	2.017
2847	2.305
2848	1.97
2849	2.053
2850	1.947
2851	1.825
2852	1.544
2853	1.236
2854	1.844
2855	1.877
2856	2.535
2857	2.557
2858	1.431
2859	2.426
2860	2.839
2861	2.142
2862	2.373
2863	2.52
2864	2.678
2865	2.275
2866	2.321
2867	2.442
2868	1.83
2869	1.793
2870	2.085
2871	1.86
2872	2.315
2873	1.988
2874	2.066
2875	2.066
2876	2.238
2877	2.4
2878	1.547
2879	0.993
2880	1.711
2881	1.394
2882	1.818
2883	1.667
2884	1.845
2885	2.055
2886	3.053
2887	2.077
2888	1.855
2889	2.932
2890	1.63
2891	2.023
2892	1.669
2893	2.295
2894	2.604
2895	1.204
2896	1.213
2897	1.119
2898	1.266
2899	2.363
2900	2.612
2901	2.48
2902	2.155
2903	2.368
2904	1.93
2905	2.307
2906	1.674
2907	2.299
2908	2.189
2909	2.296
2910	2.298
2911	2.204
2912	1.903
2913	1.961
2914	1.681
2915	1.661
2916	1.89
2917	2.11
2918	2.014
2919	1.926
2920	2.306
2921	2.838
2922	2.356
2923	2.365
2924	2.851
2925	2.253
2926	1.341
2927	1.952
2928	1.636
2929	1.671
2930	1.65
2931	1.99
2932	1.99
2933	2.124
2934	1.776
2935	1.673
2936	2.151
2937	1.74
2938	2.185
2939	1.583
2940	1.691
2941	1.397
2942	2.074
2943	2.145
2944	2.043
2945	1.76
2946	1.845
2947	2.138
2948	1.887
2949	1.961
2950	2.506
2951	1.702
2952	1.53
2953	1.724
2954	1.795
2955	2.6
2956	2.345
2957	3.215
2958	2.571
2959	2.324
2960	2.329
2961	2.53
2962	2.099
2963	1.95
2964	1.829
2965	1.711
2966	1.88
2967	1.88
2968	2.295
2969	1.898
2970	2.062
2971	1.756
2972	2.21
2973	2.234
2974	2.654
2975	3.098
2976	2.075
2977	2.097
2978	2.429
2979	1.383
2980	2.208
2981	2.208
2982	2.208
2983	2.071
2984	2.364
2985	1.956
2986	1.523
2987	1.853
2988	1.609
2989	2.508
2990	2.496
2991	2.562
2992	2.64
2993	1.265
2994	1.469
2995	2.358
2996	2.56
2997	1.488
2998	1.542
2999	1.652
3000	1.649
2001	285.8
2002	225.1
2003	243.5
2004	252.2
2005	241.1
2006	263.7
2007	261.1
2008	283.8
2009	264.6
2010	271.9
2011	248.9
2012	260.3
2013	247.8
2014	227.6
2015	252.7
2016	250.1
2017	255.2
2018	276.0
2019	326.0
2020	312.6
2021	266.7
2022	309.8
2023	254.8
2024	283.7
2025	265.3
2026	233.0
2027	236.4
2028	239.4
2029	261.9
2030	237.6
2031	303.5
2032	311.3
2033	281.7
2034	259.9
2035	308.2
2036	291.0
2037	232.5
2038	250.9
2039	310.9
2040	365.2
2041	292.2
2042	267.0
2043	252.5
2044	226.0
2045	288.7
2046	275.6
2047	281.8
2048	310.3
2049	233.4
2050	242.9
2051	264.7
2052	264.4
2053	234.8
2054	237.2
2055	262.9
2056	268.1
2057	245.4
2058	244.7
2059	249.3
2060	224.5
2061	256.1
2062	259.2
2063	282.3
2064	247.5
2065	229.7
2066	244.0
2067	283.9
2068	265.1
2069	281.7
2070	297.7
2071	257.7
2072	249.0
2073	253.2
2074	272.4
2075	281.8
2076	275.7
2077	247.7
2078	265.2
2079	276.0
2080	261.9
2081	264.3
2082	268.9
2083	246.9
2084	266.4
2085	230.5
2086	228.9
2087	220.9
2088	261.6
2089	295.9
2090	251.8
2091	281.5
2092	303.3
2093	289.5
2094	226.1
2095	334.7
2096	264.4
2097	241.7
2098	234.4
2099	249.3
2100	257.5
2101	299.9
2102	219.2
2103	225.3
2104	244.1
2105	253.6
2106	289.1
2107	245.9
2108	244.1
2109	263.9
2110	267.7
2111	281.4
2112	285.0
2113	309.4
2114	236.9
2115	262.1
2116	279.8
2117	295.0
2118	264.1
2119	239.7
2120	253.0
2121	261.3
2122	262.1
2123	255.0
2124	240.3
2125	273.8
2126	269.1
2127	292.9
2128	262.0
2129	283.4
2130	271.6
2131	251.2
2132	279.2
2133	245.4
2134	246.3
2135	270.4
2136	247.0
2137	310.7
2138	253.8
2139	241.7
2140	253.6
2141	288.1
2142	235.9
2143	242.8
2144	268.8
2145	246.3
2146	272.4
2147	296.6
2148	267.4
2149	278.5
2150	273.9
2151	274.4
2152	276.4
2153	279.1
2154	268.8
2155	241.3
2156	219.0
2157	262.3
2158	229.6
2159	251.4
2160	276.4
2161	262.3
2162	243.8
2163	252.7
2164	256.2
2165	247.4
2166	255.2
2167	252.5
2168	293.6
2169	239.7
2170	287.6
2171	290.5
2172	285.4
2173	285.9
2174	297.5
2175	276.1
2176	277.5
2177	278.7
2178	251.6
2179	239.0
2180	218.3
2181	297.3
2182	237.1
2183	240.7
2184	303.6
2185	309.6
2186	247.9
2187	242.9
2188	214.3
2189	267.4
2190	238.5
2191	262.1
2192	247.7
2193	254.3
2194	245.2
2195	291.3
2196	252.3
2197	331.7
2198	263.2
2199	280.9
2200	279.0
2201	265.4
2202	245.7
2203	259.0
2204	227.9
2205	209.5
2206	231.6
2207	253.4
2208	255.7
2209	291.2
2210	269.2
2211	325.1
2212	250.5
2213	250.5
2214	221.9
2215	282.9
2216	303.1
2217	260.6
2218	284.3
2219	248.1
2220	228.7
2221	287.3
2222	287.7
2223	290.1
2224	283.8
2225	275.3
2226	280.6
2227	238.5
2228	255.2
2229	261.1
2230	266.3
2231	246.3
2232	239.7
2233	237.3
2234	252.3
2235	256.3
2236	238.0
2237	280.5
2238	227.5
2239	245.6
2240	263.1
2241	277.4
2242	243.8
2243	269.3
2244	276.0
2245	282.0
2246	262.9
2247	300.9
2248	270.1
2249	256.3
2250	262.7
2251	220.1
2252	225.7
2253	257.1
2254	302.8
2255	264.8
2256	319.2
2257	235.3
2258	286.6
2259	277.1
2260	259.0
2261	293.5
2262	292.5
2263	307.3
2264	279.3
2265	245.4
2266	269.1
2267	318.6
2268	289.1
2269	296.4
2270	277.5
2271	299.5
2272	237.3
2273	275.2
2274	236.8
2275	293.9
2276	241.9
2277	234.5
2278	288.6
2279	236.4
2280	259.8
2281	232.4
2282	211.9
2283	240.3
2284	239.7
2285	295.8
2286	277.1
2287	236.4
2288	256.4
2289	255.5
2290	217.1
2291	258.3
2292	231.7
2293	212.2
2294	235.2
2295	256.1
2296	311.2
2297	292.8
2298	300.7
2299	305.8
2300	272.6
2301	266.1
2302	282.2
2303	223.1
2304	242.5
2305	230.6
2306	291.7
2307	301.9
2308	262.2
2309	250.1
2310	249.0
2311	258.7
2312	245.0
2313	240.1
2314	262.5
2315	227.0
2316	236.1
2317	273.2
2318	254.9
2319	275.9
2320	289.4
2321	265.8
2322	246.5
2323	294.4
2324	307.3
2325	246.8
2326	285.0
2327	216.1
2328	259.5
2329	255.8
2330	251.3
2331	277.5
2332	261.8
2333	296.7
2334	266.2
2335	287.7
2336	241.9
2337	231.4
2338	238.0
2339	276.7
2340	251.1
2341	247.2
2342	250.7
2343	258.7
2344	237.3
2345	261.1
2346	315.0
2347	303.7
2348	292.1
2349	350.7
2350	279.5
2351	240.3
2352	253.0
2353	272.7
2354	275.5
2355	261.0
2356	251.3
2357	306.1
2358	275.4
2359	246.8
2360	258.7
2361	299.9
2362	299.6
2363	249.0
2364	308.7
2365	258.5
2366	260.7
2367	242.7
2368	288.0
2369	285.2
2370	319.1
2371	317.5
2372	244.6
2373	282.0
2374	302.3
2375	258.8
2376	251.5
2377	275.3
2378	298.7
2379	293.8
2380	242.1
2381	231.4
2382	282.9
2383	258.6
2384	270.0
2385	250.5
2386	268.0
2387	312.6
2388	245.7
2389	292.1
2390	255.3
2391	245.6
2392	271.6
2393	245.5
2394	266.3
2395	258.8
2396	251.6
2397	266.9
2398	238.0
2399	264.9
2400	262.4
2401	276.6
2402	252.3
2403	258.8
2404	238.7
2405	218.3
2406	247.2
2407	276.1
2408	291.3
2409	281.8
2410	282.3
2411	300.6
2412	281.0
2413	245.1
2414	274.1
2415	222.2
2416	294.5
2417	247.7
2418	272.1
2419	270.3
2420	264.6
2421	328.5
2422	318.8
2423	257.8
2424	222.8
2425	296.3
2426	270.8
2427	350.6
2428	316.3
2429	229.3
2430	269.3
2431	305.7
2432	264.6
2433	260.4
2434	265.9
2435	265.5
2436	273.9
2437	276.5
2438	287.6
2439	256.7
2440	273.8
2441	226.8
2442	229.7
2443	277.5
2444	237.1
2445	266.2
2446	299.4
2447	294.5
2448	246.8
2449	305.5
2450	246.7
2451	244.9
2452	261.3
2453	271.7
2454	251.5
2455	273.4
2456	240.3
2457	243.0
2458	240.4
2459	287.6
2460	271.6
2461	219.1
2462	260.7
2463	253.3
2464	252.0
2465	292.4
2466	278.1
2467	269.7
2468	270.8
2469	243.4
2470	245.6
2471	283.6
2472	268.6
2473	271.7
2474	272.0
2475	247.0
2476	285.9
2477	287.3
2478	234.7
2479	315.8
2480	221.1
2481	248.8
2482	262.0
2483	253.2
2484	272.1
2485	223.2
2486	288.5
2487	269.9
2488	242.0
2489	322.7
2490	255.3
2491	283.9
2492	275.7
2493	284.4
2494	317.4
2495	307.4
2496	257.2
2497	247.1
2498	270.3
2499	226.8
2500	237.1
2501	260.3
2502	257.7
2503	242.9
2504	253.6
2505	241.1
2506	261.0
2507	257.9
2508	241.8
2509	284.0
2510	286.3
2511	305.8
2512	270.0
2513	230.6
2514	229.1
2515	249.2
2516	261.0
2517	327.1
2518	283.2
2519	315.8
2520	265.5
2521	233.3
2522	239.2
2523	297.4
2524	301.9
2525	254.2
2526	232.5
2527	231.3
2528	233.5
2529	293.3
2530	321.3
2531	272.2
2532	268.8
2533	223.9
2534	269.1
2535	265.6
2536	304.1
2537	263.9
2538	257.0
2539	286.9
2540	315.8
2541	284.7
2542	259.5
2543	265.1
2544	313.2
2545	299.0
2546	260.8
2547	227.5
2548	230.0
2549	295.4
2550	282.6
2551	247.4
2552	254.5
2553	271.5
2554	329.7
2555	288.1
2556	256.3
2557	248.1
2558	211.4
2559	264.4
2560	296.2
2561	270.7
2562	267.0
2563	223.0
2564	250.1
2565	286.7
2566	284.8
2567	254.9
2568	275.5
2569	258.5
2570	231.9
2571	325.9
2572	280.5
2573	259.2
2574	262.8
2575	278.3
2576	264.1
2577	261.1
2578	267.6
2579	224.9
2580	257.7
2581	318.4
2582	262.6
2583	252.5
2584	242.8
2585	261.8
2586	274.2
2587	239.4
2588	281.1
2589	248.5
2590	271.8
2591	257.3
2592	284.2
2593	281.8
2594	281.6
2595	282.3
2596	277.7
2597	227.3
2598	247.2
2599	299.8
2600	230.5
2601	247.3
2602	288.7
2603	251.3
2604	292.4
2605	292.6
2606	271.7
2607	264.3
2608	275.9
2609	323.9
2610	246.0
2611	253.9
2612	233.5
2613	274.7
2614	284.5
2615	269.4
2616	242.1
2617	262.4
2618	261.2
2619	228.5
2620	238.3
2621	290.1
2622	238.5
2623	228.6
2624	234.2
2625	242.6
2626	310.3
2627	304.6
2628	312.9
2629	348.3
2630	268.2
2631	279.6
2632	302.3
2633	327.6
2634	291.4
2635	308.9
2636	282.3
2637	255.6
2638	271.5
2639	292.9
2640	250.7
2641	300.0
2642	230.3
2643	277.7
2644	248.1
2645	279.4
2646	280.8
2647	246.6
2648	266.6
2649	289.9
2650	299.8
2651	251.3
2652	299.2
2653	260.2
2654	241.5
2655	287.5
2656	250.0
2657	289.1
2658	278.3
2659	267.3
2660	303.0
2661	270.5
2662	271.4
2663	266.4
2664	230.3
2665	262.7
2666	276.3
2667	299.2
2668	258.7
2669	262.4
2670	243.2
2671	250.4
2672	236.2
2673	243.7
2674	241.2
2675	261.2
2676	262.0
2677	256.0
2678	292.1
2679	278.6
2680	248.7
2681	258.1
2682	290.6
2683	236.1
2684	252.4
2685	227.8
2686	242.1
2687	235.4
2688	222.3
2689	255.1
2690	234.2
2691	254.9
2692	292.9
2693	243.6
2694	234.7
2695	257.5
2696	265.9
2697	282.2
2698	228.7
2699	271.4
2700	241.8
2701	250.2
2702	286.6
2703	255.5
2704	254.2
2705	296.7
2706	276.0
2707	289.2
2708	270.9
2709	246.3
2710	280.7
2711	257.4
2712	280.6
2713	247.9
2714	247.4
2715	274.6
2716	255.0
2717	292.5
2718	234.1
2719	235.4
2720	272.5
2721	244.2
2722	289.8
2723	284.4
2724	219.0
2725	229.2
2726	247.3
2727	226.9
2728	272.9
2729	256.0
2730	250.0
2731	251.5
2732	251.5
2733	222.9
2734	272.6
2735	306.2
2736	301.5
2737	263.9
2738	287.9
2739	259.2
2740	270.4
2741	215.3
2742	251.7
2743	231.9
2744	240.0
2745	256.7
2746	240.3
2747	253.9
2748	259.4
2749	288.4
2750	279.8
2751	256.6
2752	249.0
2753	237.7
2754	258.8
2755	317.0
2756	334.1
2757	259.9
2758	239.5
2759	287.3
2760	236.0
2761	288.2
2762	257.4
2763	230.0
2764	248.0
2765	290.3
2766	285.4
2767	284.6
2768	248.4
2769	242.4
2770	272.9
2771	323.8
2772	272.3
2773	258.7
2774	252.7
2775	278.2
2776	208.5
2777	277.6
2778	268.3
2779	263.5
2780	280.1
2781	245.5
2782	246.5
2783	307.2
2784	330.1
2785	297.4
2786	260.0
2787	245.2
2788	309.1
2789	257.3
2790	276.6
2791	266.2
2792	294.8
2793	257.0
2794	262.7
2795	250.7
2796	231.7
2797	278.8
2798	258.0
2799	291.2
2800	227.6
2801	235.8
2802	262.1
2803	270.3
2804	297.5
2805	266.8
2806	219.9
2807	254.2
2808	235.4
2809	238.5
2810	228.6
2811	263.1
2812	241.9
2813	265.5
2814	240.8
2815	242.7
2816	267.9
2817	277.3
2818	225.0
2819	227.9
2820	276.8
2821	258.6
2822	263.2
2823	288.3
2824	249.6
2825	298.4
2826	293.7
2827	229.7
2828	238.3
2829	260.3
2830	248.6
2831	227.5
2832	267.2
2833	240.2
2834	226.7
2835	229.4
2836	265.2
2837	306.2
2838	229.3
2839	271.9
2840	244.6
2841	224.2
2842	249.5
2843	289.6
2844	258.0
2845	232.1
2846	236.5
2847	270.4
2848	283.4
2849	308.8
2850	248.2
2851	256.0
2852	295.8
2853	328.1
2854	259.3
2855	235.8
2856	251.8
2857	241.4
2858	265.4
2859	239.1
2860	258.3
2861	281.8
2862	240.3
2863	246.5
2864	240.9
2865	273.8
2866	272.4
2867	259.9
2868	283.2
2869	276.0
2870	260.2
2871	256.7
2872	252.4
2873	252.6
2874	234.7
2875	247.5
2876	262.0
2877	217.7
2878	285.9
2879	307.8
2880	287.1
2881	278.4
2882	288.1
2883	262.6
2884	293.8
2885	254.9
2886	250.5
2887	249.8
2888	243.1
2889	228.2
2890	263.8
2891	267.5
2892	292.4
2893	268.9
2894	254.3
2895	309.7
2896	308.6
2897	301.8
2898	333.3
2899	217.0
2900	253.6
2901	224.8
2902	228.6
2903	256.6
2904	267.4
2905	275.9
2906	275.8
2907	276.5
2908	269.9
2909	266.9
2910	230.6
2911	245.5
2912	276.9
2913	261.9
2914	332.9
2915	289.6
2916	306.7
2917	299.1
2918	332.1
2919	312.7
2920	306.6
2921	249.1
2922	240.3
2923	239.2
2924	281.9
2925	279.8
2926	262.7
2927	240.4
2928	318.7
2929	303.8
2930	253.1
2931	252.9
2932	280.9
2933	283.6
2934	252.6
2935	272.5
2936	262.1
2937	266.6
2938	258.5
2939	318.9
2940	274.5
2941	277.8
2942	243.5
2943	263.9
2944	303.6
2945	243.4
2946	246.9
2947	280.2
2948	298.5
2949	251.8
2950	258.9
2951	262.0
2952	264.4
2953	293.4
2954	241.6
2955	258.7
2956	252.7
2957	224.1
2958	208.1
2959	254.5
2960	260.3
2961	230.2
2962	251.0
2963	273.7
2964	230.2
2965	293.9
2966	284.5
2967	243.6
2968	247.4
2969	251.0
2970	256.3
2971	272.1
2972	256.2
2973	244.4
2974	242.5
2975	247.7
2976	290.3
2977	244.7
2978	246.0
2979	341.0
2980	270.0
2981	247.4
2982	296.6
2983	242.1
2984	273.6
2985	269.5
2986	254.0
2987	260.7
2988	260.9
2989	227.0
2990	238.7
2991	225.9
2992	239.5
2993	302.5
2994	309.6
2995	263.7
2996	263.7
2997	263.4
2998	243.4
2999	252.7
3000	337.3
2001	0.4152
2002	0.4366
2003	0.4442
2004	0.4337
2005	0.5006
2006	0.3951
2007	0.3739
2008	0.434
2009	0.3946
2010	0.4444
2011	0.3464
2012	0.4057
2013	0.3862
2014	0.4806
2015	0.4083
2016	0.4228
2017	0.4619
2018	0.3822
2019	0.4072
2020	0.3757
2021	0.3672
2022	0.3858
2023	0.4843
2024	0.3135
2025	0.4116
2026	0.4373
2027	0.4552
2028	0.3651
2029	0.3808
2030	0.3092
2031	0.3311
2032	0.3473
2033	0.3924
2034	0.4184
2035	0.3519
2036	0.4141
2037	0.388
2038	0.4174
2039	0.308
2040	0.3077
2041	0.314
2042	0.4227
2043	0.3811
2044	0.4104
2045	0.3853
2046	0.4075
2047	0.3772
2048	0.3772
2049	0.3543
2050	0.403
2051	0.3441
2052	0.2955
2053	0.3822
2054	0.3824
2055	0.3691
2056	0.4075
2057	0.4352
2058	0.3992
2059	0.396
2060	0.4421
2061	0.3533
2062	0.3793
2063	0.2989
2064	0.3678
2065	0.4
2066	0.4081
2067	0.4192
2068	0.383
2069	0.4186
2070	0.4491
2071	0.3727
2072	0.3479
2073	0.3677
2074	0.3456
2075	0.4173
2076	0.3899
2077	0.3573
2078	0.3425
2079	0.3431
2080	0.3476
2081	0.4563
2082	0.4057
2083	0.3618
2084	0.4186
2085	0.5018
2086	0.5018
2087	0.4185
2088	0.4079
2089	0.2871
2090	0.3688
2091	0.3846
2092	0.3991
2093	0.4462
2094	0.5141
2095	0.3701
2096	0.3869
2097	0.4686
2098	0.4097
2099	0.404
2100	0.4331
2101	0.3571
2102	0.439
2103	0.3982
2104	0.4257
2105	0.3851
2106	0.3353
2107	0.3305
2108	0.3816
2109	0.3441
2110	0.404
2111	0.3431
2112	0.4468
2113	0.3592
2114	0.3289
2115	0.3642
2116	0.3499
2117	0.3939
2118	0.487
2119	0.4817
2120	0.4108
2121	0.3708
2122	0.4525
2123	0.3794
2124	0.4216
2125	0.4259
2126	0.3711
2127	0.4035
2128	0.3629
2129	0.2905
2130	0.4664
2131	0.4803
2132	0.4078
2133	0.4174
2134	0.3153
2135	0.3878
2136	0.4308
2137	0.4645
2138	0.4009
2139	0.4319
2140	0.4319
2141	0.4291
2142	0.3736
2143	0.4102
2144	0.4126
2145	0.3631
2146	0.3599
2147	0.3373
2148	0.3802
2149	0.3203
2150	0.3057
2151	0.4197
2152	0.3911
2153	0.4006
2154	0.4075
2155	0.365
2156	0.3636
2157	0.3353
2158	0.4367
2159	0.3208
2160	0.3962
2161	0.4233
2162	0.4465
2163	0.5186
2164	0.5505
2165	0.4993
2166	0.3949
2167	0.4719
2168	0.3587
2169	0.405
2170	0.2722
2171	0.3878
2172	0.3431
2173	0.3848
2174	0.3848
2175	0.3789
2176	0.3789
2177	0.3481
2178	0.298
2179	0.3842
2180	0.4336
2181	0.3955
2182	0.4455
2183	0.4258
2184	0.3004
2185	0.3276
2186	0.4336
2187	0.4121
2188	0.3751
2189	0.4952
2190	0.4637
2191	0.4637
2192	0.3322
2193	0.3874
2194	0.4068
2195	0.3861
2196	0.3483
2197	0.399
2198	0.4801
2199	0.3669
2200	0.3791
2201	0.3872
2202	0.5043
2203	0.4279
2204	0.4965
2205	0.4928
2206	0.549
2207	0.4536
2208	0.4518
2209	0.4337
2210	0.3292
2211	0.2685
2212	0.3721
2213	0.368
2214	0.3734
2215	0.29
2216	0.381
2217	0.3491
2218	0.4294
2219	0.4307
2220	0.3948
2221	0.3675
2222	0.3291
2223	0.3399
2224	0.3581
2225	0.3787
2226	0.3887
2227	0.4924
2228	0.4648
2229	0.3743
2230	0.3544
2231	0.5752
2232	0.3859
2233	0.4332
2234	0.3171
2235	0.4392
2236	0.3835
2237	0.4103
2238	0.3537
2239	0.4253
2240	0.4779
2241	0.3473
2242	0.3059
2243	0.4079
2244	0.4267
2245	0.3454
2246	0.4013
2247	0.3795
2248	0.4283
2249	0.4007
2250	0.4423
2251	0.4409
2252	0.4172
2253	0.4491
2254	0.3066
2255	0.4739
2256	0.3162
2257	0.4198
2258	0.4313
2259	0.2763
2260	0.3846
2261	0.3475
2262	0.404
2263	0.3988
2264	0.3364
2265	0.4546
2266	0.3542
2267	0.2885
2268	0.3064
2269	0.3945
2270	0.3212
2271	0.2837
2272	0.463
2273	0.3544
2274	0.4742
2275	0.3877
2276	0.4255
2277	0.4263
2278	0.4059
2279	0.4289
2280	0.3585
2281	0.4658
2282	0.4539
2283	0.3972
2284	0.3762
2285	0.3848
2286	0.3628
2287	0.4092
2288	0.3909
2289	0.3205
2290	0.4019
2291	0.368
2292	0.4028
2293	0.388
2294	0.3911
2295	0.3498
2296	0.3658
2297	0.3622
2298	0.3266
2299	0.3917
2300	0.423
2301	0.4369
2302	0.3755
2303	0.3571
2304	0.3712
2305	0.4424
2306	0.3638
2307	0.5156
2308	0.3625
2309	0.4093
2310	0.4593
2311	0.4248
2312	0.4085
2313	0.4633
2314	0.4206
2315	0.4656
2316	0.4096
2317	0.4679
2318	0.4221
2319	0.3559
2320	0.3208
2321	0.4598
2322	0.5198
2323	0.4026
2324	0.346
2325	0.2694
2326	0.3028
2327	0.5151
2328	0.4184
2329	0.4027
2330	0.345
2331	0.4062
2332	0.4033
2333	0.2743
2334	0.3711
2335	0.3295
2336	0.4361
2337	0.4714
2338	0.4069
2339	0.3704
2340	0.3717
2341	0.4464
2342	0.4738
2343	0.3726
2344	0.4689
2345	0.4323
2346	0.3677
2347	0.3351
2348	0.3697
2349	0.2868
2350	0.3094
2351	0.3802
2352	0.3559
2353	0.3933
2354	0.4082
2355	0.3732
2356	0.3485
2357	0.3087
2358	0.345
2359	0.3908
2360	0.4361
2361	0.3875
2362	0.4714
2363	0.3501
2364	0.3278
2365	0.3238
2366	0.3356
2367	0.4493
2368	0.4396
2369	0.3861
2370	0.379
2371	0.3256
2372	0.4439
2373	0.3943
2374	0.4022
2375	0.3637
2376	0.3463
2377	0.2716
2378	0.3306
2379	0.3955
2380	0.4091
2381	0.4157
2382	0.3565
2383	0.3943
2384	0.4028
2385	0.3931
2386	0.3913
2387	0.4088
2388	0.4574
2389	0.3735
2390	0.382
2391	0.3465
2392	0.4036
2393	0.469
2394	0.4253
2395	0.3768
2396	0.414
2397	0.4117
2398	0.4493
2399	0.5037
2400	0.3886
2401	0.3842
2402	0.2882
2403	0.3617
2404	0.3513
2405	0.4097
2406	0.3868
2407	0.3331
2408	0.4278
2409	0.4484
2410	0.3681
2411	0.312
2412	0.351
2413	0.3342
2414	0.4108
2415	0.4655
2416	0.322
2417	0.3258
2418	0.3839
2419	0.3103
2420	0.3287
2421	0.3191
2422	0.3191
2423	0.4934
2424	0.4605
2425	0.4704
2426	0.3679
2427	0.3163
2428	0.3163
2429	0.3873
2430	0.3687
2431	0.3608
2432	0.4818
2433	0.3907
2434	0.3793
2435	0.2954
2436	0.3997
2437	0.4215
2438	0.4007
2439	0.3847
2440	0.4256
2441	0.4892
2442	0.4532
2443	0.3463
2444	0.4109
2445	0.4418
2446	0.3783
2447	0.3872
2448	0.3847
2449	0.3706
2450	0.3955
2451	0.351
2452	0.3722
2453	0.3919
2454	0.4099
2455	0.3666
2456	0.5155
2457	0.464
2458	0.4181
2459	0.4183
2460	0.4183
2461	0.4435
2462	0.3298
2463	0.3849
2464	0.4355
2465	0.3658
2466	0.4932
2467	0.43
2468	0.3745
2469	0.4718
2470	0.4084
2471	0.3643
2472	0.2996
2473	0.3515
2474	0.4317
2475	0.4443
2476	0.4199
2477	0.3691
2478	0.3753
2479	0.4371
2480	0.4418
2481	0.3856
2482	0.3261
2483	0.4332
2484	0.4452
2485	0.4353
2486	0.4211
2487	0.3925
2488	0.4366
2489	0.3228
2490	0.3983
2491	0.3615
2492	0.364
2493	0.4124
2494	0.3304
2495	0.373
2496	0.4246
2497	0.4141
2498	0.3937
2499	0.4645
2500	0.4832
2501	0.3913
2502	0.3093
2503	0.4212
2504	0.4387
2505	0.4151
2506	0.3701
2507	0.3659
2508	0.3971
2509	0.3793
2510	0.3647
2511	0.3272
2512	0.3272
2513	0.3724
2514	0.4962
2515	0.4776
2516	0.4008
2517	0.4008
2518	0.3769
2519	0.3235
2520	0.4269
2521	0.4432
2522	0.4711
2523	0.4051
2524	0.3714
2525	0.3714
2526	0.4364
2527	0.4051
2528	0.4287
2529	0.4071
2530	0.3864
2531	0.3623
2532	0.3612
2533	0.4188
2534	0.3504
2535	0.3985
2536	0.3918
2537	0.409
2538	0.4694
2539	0.4381
2540	0.2807
2541	0.3468
2542	0.4242
2543	0.4423
2544	0.3641
2545	0.4517
2546	0.4517
2547	0.4632
2548	0.3994
2549	0.3252
2550	0.3797
2551	0.3694
2552	0.4515
2553	0.4884
2554	0.3809
2555	0.3387
2556	0.4035
2557	0.4038
2558	0.4285
2559	0.3487
2560	0.3418
2561	0.3823
2562	0.3453
2563	0.4242
2564	0.3691
2565	0.329
2566	0.2785
2567	0.4311
2568	0.3091
2569	0.3383
2570	0.3176
2571	0.3036
2572	0.3471
2573	0.4352
2574	0.3689
2575	0.3718
2576	0.3889
2577	0.3181
2578	0.481
2579	0.4257
2580	0.4562
2581	0.4517
2582	0.4069
2583	0.3691
2584	0.421
2585	0.4358
2586	0.5132
2587	0.498
2588	0.4161
2589	0.4606
2590	0.3443
2591	0.3443
2592	0.4343
2593	0.4213
2594	0.2943
2595	0.392
2596	0.3949
2597	0.3933
2598	0.3518
2599	0.3718
2600	0.4259
2601	0.493
2602	0.4826
2603	0.4214
2604	0.3724
2605	0.3969
2606	0.45
2607	0.4731
2608	0.3387
2609	0.3812
2610	0.3872
2611	0.3442
2612	0.3796
2613	0.4394
2614	0.4758
2615	0.4419
2616	0.3596
2617	0.3571
2618	0.3593
2619	0.3877
2620	0.3651
2621	0.4356
2622	0.5148
2623	0.4098
2624	0.4324
2625	0.4283
2626	0.3543
2627	0.3398
2628	0.3187
2629	0.3797
2630	0.4239
2631	0.4202
2632	0.3738
2633	0.3513
2634	0.3475
2635	0.3856
2636	0.3447
2637	0.4669
2638	0.4806
2639	0.4066
2640	0.3528
2641	0.3532
2642	0.3969
2643	0.2787
2644	0.4312
2645	0.3404
2646	0.3702
2647	0.5126
2648	0.462
2649	0.3482
2650	0.3024
2651	0.4294
2652	0.4663
2653	0.4443
2654	0.4298
2655	0.4216
2656	0.512
2657	0.3925
2658	0.3925
2659	0.5094
2660	0.3188
2661	0.3718
2662	0.4052
2663	0.3979
2664	0.4721
2665	0.3545
2666	0.4267
2667	0.3426
2668	0.3242
2669	0.3626
2670	0.362
2671	0.3866
2672	0.4912
2673	0.3493
2674	0.4138
2675	0.4544
2676	0.4251
2677	0.3609
2678	0.3423
2679	0.3472
2680	0.4302
2681	0.3498
2682	0.423
2683	0.453
2684	0.4503
2685	0.4256
2686	0.3682
2687	0.3977
2688	0.4843
2689	0.4241
2690	0.3702
2691	0.5162
2692	0.3215
2693	0.2987
2694	0.4072
2695	0.3676
2696	0.3445
2697	0.4502
2698	0.4241
2699	0.5111
2700	0.4003
2701	0.3545
2702	0.391
2703	0.3677
2704	0.3748
2705	0.2899
2706	0.3353
2707	0.4139
2708	0.4404
2709	0.3948
2710	0.3989
2711	0.372
2712	0.3644
2713	0.3758
2714	0.4063
2715	0.4403
2716	0.3922
2717	0.3922
2718	0.4745
2719	0.4314
2720	0.4719
2721	0.4512
2722	0.3954
2723	0.3617
2724	0.4442
2725	0.3919
2726	0.4503
2727	0.3918
2728	0.3258
2729	0.3579
2730	0.4014
2731	0.4157
2732	0.4649
2733	0.4672
2734	0.4083
2735	0.3712
2736	0.3358
2737	0.3592
2738	0.285
2739	0.4043
2740	0.3664
2741	0.3807
2742	0.3659
2743	0.4711
2744	0.4207
2745	0.3865
2746	0.4587
2747	0.4587
2748	0.3372
2749	0.343
2750	0.3134
2751	0.3984
2752	0.3662
2753	0.3804
2754	0.4261
2755	0.3725
2756	0.3404
2757	0.4685
2758	0.398
2759	0.4173
2760	0.4617
2761	0.4168
2762	0.4168
2763	0.4412
2764	0.4347
2765	0.3731
2766	0.3595
2767	0.3807
2768	0.4026
2769	0.4026
2770	0.3298
2771	0.2451
2772	0.3645
2773	0.3709
2774	0.4469
2775	0.3851
2776	0.5484
2777	0.364
2778	0.3679
2779	0.3931
2780	0.3933
2781	0.5052
2782	0.5052
2783	0.3823
2784	0.3434
2785	0.3918
2786	0.4177
2787	0.44
2788	0.3336
2789	0.3953
2790	0.3637
2791	0.3661
2792	0.4171
2793	0.3963
2794	0.3079
2795	0.3891
2796	0.3824
2797	0.3523
2798	0.4903
2799	0.3014
2800	0.3601
2801	0.3567
2802	0.438
2803	0.3821
2804	0.4112
2805	0.3964
2806	0.359
2807	0.4063
2808	0.4004
2809	0.4004
2810	0.4791
2811	0.3746
2812	0.3624
2813	0.3713
2814	0.3813
2815	0.4958
2816	0.3752
2817	0.5135
2818	0.4793
2819	0.42
2820	0.3739
2821	0.3739
2822	0.415
2823	0.4546
2824	0.3513
2825	0.4386
2826	0.4386
2827	0.3418
2828	0.4294
2829	0.4103
2830	0.4199
2831	0.3713
2832	0.3992
2833	0.4264
2834	0.4541
2835	0.4636
2836	0.3922
2837	0.3729
2838	0.436
2839	0.4138
2840	0.3837
2841	0.4662
2842	0.4233
2843	0.263
2844	0.3843
2845	0.4211
2846	0.4066
2847	0.4225
2848	0.402
2849	0.3158
2850	0.3752
2851	0.4633
2852	0.423
2853	0.3617
2854	0.4821
2855	0.4657
2856	0.3655
2857	0.3461
2858	0.4509
2859	0.4671
2860	0.2996
2861	0.3513
2862	0.353
2863	0.3003
2864	0.312
2865	0.3198
2866	0.3723
2867	0.4518
2868	0.3271
2869	0.3998
2870	0.3805
2871	0.4364
2872	0.3659
2873	0.4554
2874	0.4553
2875	0.465
2876	0.4113
2877	0.4059
2878	0.4156
2879	0.4198
2880	0.3798
2881	0.4292
2882	0.3856
2883	0.4378
2884	0.3768
2885	0.4082
2886	0.2823
2887	0.4822
2888	0.3908
2889	0.3889
2890	0.4196
2891	0.397
2892	0.4188
2893	0.3874
2894	0.4746
2895	0.4487
2896	0.4189
2897	0.4618
2898	0.3915
2899	0.4442
2900	0.3502
2901	0.4511
2902	0.5079
2903	0.434
2904	0.4101
2905	0.3204
2906	0.4424
2907	0.3787
2908	0.3353
2909	0.3243
2910	0.5305
2911	0.3804
2912	0.379
2913	0.3437
2914	0.3147
2915	0.3025
2916	0.3402
2917	0.4323
2918	0.301
2919	0.3512
2920	0.2746
2921	0.3695
2922	0.3893
2923	0.3891
2924	0.2796
2925	0.3389
2926	0.4875
2927	0.3919
2928	0.3976
2929	0.3827
2930	0.4143
2931	0.4469
2932	0.3843
2933	0.4084
2934	0.3747
2935	0.4383
2936	0.4343
2937	0.4514
2938	0.35
2939	0.4214
2940	0.4191
2941	0.4377
2942	0.4187
2943	0.3883
2944	0.2874
2945	0.4735
2946	0.4562
2947	0.3185
2948	0.3476
2949	0.3509
2950	0.3178
2951	0.4035
2952	0.4794
2953	0.4289
2954	0.4289
2955	0.3185
2956	0.4113
2957	0.3594
2958	0.4167
2959	0.3713
2960	0.3479
2961	0.4163
2962	0.4731
2963	0.503
2964	0.4974
2965	0.3619
2966	0.3715
2967	0.4434
2968	0.3637
2969	0.459
2970	0.3879
2971	0.3632
2972	0.3914
2973	0.4505
2974	0.3909
2975	0.3236
2976	0.3746
2977	0.4561
2978	0.4517
2979	0.377
2980	0.3725
2981	0.3726
2982	0.384
2983	0.4805
2984	0.4232
2985	0.3986
2986	0.4534
2987	0.4473
2988	0.4344
2989	0.4188
2990	0.4131
2991	0.4211
2992	0.352
2993	0.426
2994	0.3841
2995	0.3575
2996	0.4347
2997	0.4604
2998	0.536
2999	0.4522
3000	0.3127
2001	127.0
2002	112.0
2003	116.0
2004	115.0
2005	115.0
2006	121.0
2007	121.0
2008	129.0
2009	120.0
2010	122.0
2011	118.0
2012	119.0
2013	117.0
2014	113.0
2015	117.0
2016	118.0
2017	119.0
2018	125.0
2019	137.0
2020	133.0
2021	121.0
2022	135.0
2023	120.0
2024	123.0
2025	122.0
2026	114.0
2027	115.0
2028	115.0
2029	120.0
2030	113.0
2031	130.0
2032	133.0
2033	123.0
2034	119.0
2035	132.0
2036	127.0
2037	113.0
2038	119.0
2039	130.0
2040	148.0
2041	126.0
2042	122.0
2043	119.0
2044	113.0
2045	125.0
2046	122.0
2047	126.0
2048	135.0
2049	114.0
2050	116.0
2051	124.0
2052	120.0
2053	114.0
2054	117.0
2055	120.0
2056	121.0
2057	117.0
2058	117.0
2059	118.0
2060	112.0
2061	118.0
2062	119.0
2063	127.0
2064	118.0
2065	113.0
2066	117.0
2067	125.0
2068	122.0
2069	125.0
2070	129.0
2071	119.0
2072	117.0
2073	117.0
2074	123.0
2075	124.0
2076	122.0
2077	117.0
2078	121.0
2079	124.0
2080	119.0
2081	119.0
2082	120.0
2083	116.0
2084	122.0
2085	113.0
2086	113.0
2087	111.0
2088	121.0
2089	125.0
2090	120.0
2091	125.0
2092	128.0
2093	125.0
2094	112.0
2095	136.0
2096	124.0
2097	116.0
2098	115.0
2099	118.0
2100	120.0
2101	130.0
2102	112.0
2103	114.0
2104	116.0
2105	118.0
2106	126.0
2107	117.0
2108	117.0
2109	122.0
2110	123.0
2111	123.0
2112	125.0
2113	130.0
2114	114.0
2115	121.0
2116	125.0
2117	127.0
2118	120.0
2119	115.0
2120	119.0
2121	119.0
2122	122.0
2123	119.0
2124	116.0
2125	123.0
2126	122.0
2127	129.0
2128	121.0
2129	125.0
2130	123.0
2131	117.0
2132	125.0
2133	117.0
2134	115.0
2135	119.0
2136	117.0
2137	130.0
2138	118.0
2139	117.0
2140	118.0
2141	127.0
2142	114.0
2143	116.0
2144	121.0
2145	117.0
2146	121.0
2147	130.0
2148	121.0
2149	124.0
2150	121.0
2151	124.0
2152	123.0
2153	123.0
2154	122.0
2155	115.0
2156	112.0
2157	121.0
2158	113.0
2159	116.0
2160	123.0
2161	122.0
2162	115.0
2163	117.0
2164	118.0
2165	115.0
2166	118.0
2167	118.0
2168	127.0
2169	115.0
2170	126.0
2171	129.0
2172	124.0
2173	125.0
2174	130.0
2175	123.0
2176	127.0
2177	128.0
2178	118.0
2179	116.0
2180	111.0
2181	129.0
2182	115.0
2183	115.0
2184	130.0
2185	132.0
2186	118.0
2187	115.0
2188	110.0
2189	120.0
2190	114.0
2191	119.0
2192	116.0
2193	118.0
2194	117.0
2195	130.0
2196	120.0
2197	140.0
2198	120.0
2199	125.0
2200	124.0
2201	122.0
2202	116.0
2203	121.0
2204	113.0
2205	109.0
2206	113.0
2207	117.0
2208	118.0
2209	129.0
2210	123.0
2211	135.0
2212	119.0
2213	117.0
2214	114.0
2215	125.0
2216	131.0
2217	121.0
2218	124.0
2219	118.0
2220	114.0
2221	124.0
2222	125.0
2223	128.0
2224	128.0
2225	123.0
2226	126.0
2227	114.0
2228	120.0
2229	120.0
2230	120.0
2231	115.0
2232	118.0
2233	115.0
2234	117.0
2235	121.0
2236	115.0
2237	125.0
2238	114.0
2239	116.0
2240	121.0
2241	123.0
2242	118.0
2243	122.0
2244	127.0
2245	127.0
2246	122.0
2247	131.0
2248	123.0
2249	119.0
2250	121.0
2251	112.0
2252	112.0
2253	120.0
2254	128.0
2255	119.0
2256	137.0
2257	113.0
2258	128.0
2259	124.0
2260	120.0
2261	130.0
2262	130.0
2263	133.0
2264	125.0
2265	117.0
2266	122.0
2267	136.0
2268	128.0
2269	132.0
2270	124.0
2271	132.0
2272	118.0
2273	124.0
2274	114.0
2275	126.0
2276	116.0
2277	114.0
2278	130.0
2279	116.0
2280	121.0
2281	113.0
2282	110.0
2283	116.0
2284	117.0
2285	127.0
2286	127.0
2287	117.0
2288	122.0
2289	119.0
2290	112.0
2291	122.0
2292	113.0
2293	110.0
2294	115.0
2295	119.0
2296	132.0
2297	131.0
2298	130.0
2299	132.0
2300	124.0
2301	123.0
2302	124.0
2303	112.0
2304	117.0
2305	114.0
2306	124.0
2307	127.0
2308	120.0
2309	118.0
2310	117.0
2311	121.0
2312	120.0
2313	114.0
2314	123.0
2315	112.0
2316	115.0
2317	123.0
2318	119.0
2319	123.0
2320	128.0
2321	121.0
2322	117.0
2323	129.0
2324	133.0
2325	117.0
2326	126.0
2327	111.0
2328	121.0
2329	121.0
2330	119.0
2331	123.0
2332	122.0
2333	133.0
2334	123.0
2335	129.0
2336	115.0
2337	113.0
2338	115.0
2339	126.0
2340	116.0
2341	118.0
2342	120.0
2343	121.0
2344	115.0
2345	120.0
2346	133.0
2347	133.0
2348	128.0
2349	144.0
2350	124.0
2351	117.0
2352	121.0
2353	124.0
2354	124.0
2355	123.0
2356	120.0
2357	130.0
2358	124.0
2359	115.0
2360	118.0
2361	132.0
2362	128.0
2363	118.0
2364	134.0
2365	119.0
2366	119.0
2367	115.0
2368	127.0
2369	130.0
2370	135.0
2371	133.0
2372	116.0
2373	125.0
2374	131.0
2375	122.0
2376	119.0
2377	122.0
2378	128.0
2379	128.0
2380	117.0
2381	115.0
2382	125.0
2383	120.0
2384	122.0
2385	119.0
2386	121.0
2387	132.0
2388	117.0
2389	128.0
2390	118.0
2391	116.0
2392	123.0
2393	117.0
2394	121.0
2395	120.0
2396	120.0
2397	123.0
2398	115.0
2399	122.0
2400	121.0
2401	126.0
2402	120.0
2403	119.0
2404	115.0
2405	111.0
2406	118.0
2407	125.0
2408	128.0
2409	122.0
2410	122.0
2411	131.0
2412	126.0
2413	116.0
2414	122.0
2415	112.0
2416	127.0
2417	117.0
2418	122.0
2419	125.0
2420	122.0
2421	138.0
2422	134.0
2423	119.0
2424	113.0
2425	129.0
2426	122.0
2427	144.0
2428	134.0
2429	112.0
2430	121.0
2431	134.0
2432	120.0
2433	123.0
2434	124.0
2435	119.0
2436	122.0
2437	124.0
2438	127.0
2439	118.0
2440	125.0
2441	113.0
2442	113.0
2443	125.0
2444	114.0
2445	121.0
2446	132.0
2447	129.0
2448	117.0
2449	133.0
2450	118.0
2451	117.0
2452	125.0
2453	125.0
2454	120.0
2455	124.0
2456	115.0
2457	117.0
2458	116.0
2459	127.0
2460	123.0
2461	112.0
2462	121.0
2463	119.0
2464	118.0
2465	126.0
2466	124.0
2467	123.0
2468	124.0
2469	115.0
2470	119.0
2471	125.0
2472	120.0
2473	124.0
2474	120.0
2475	118.0
2476	126.0
2477	129.0
2478	115.0
2479	131.0
2480	111.0
2481	119.0
2482	123.0
2483	117.0
2484	122.0
2485	113.0
2486	129.0
2487	123.0
2488	115.0
2489	135.0
2490	122.0
2491	126.0
2492	126.0
2493	124.0
2494	133.0
2495	131.0
2496	119.0
2497	119.0
2498	122.0
2499	113.0
2500	115.0
2501	122.0
2502	119.0
2503	116.0
2504	117.0
2505	117.0
2506	120.0
2507	120.0
2508	116.0
2509	124.0
2510	128.0
2511	129.0
2512	121.0
2513	115.0
2514	113.0
2515	118.0
2516	118.0
2517	136.0
2518	124.0
2519	132.0
2520	119.0
2521	114.0
2522	115.0
2523	129.0
2524	135.0
2525	121.0
2526	114.0
2527	114.0
2528	114.0
2529	130.0
2530	134.0
2531	127.0
2532	121.0
2533	112.0
2534	123.0
2535	121.0
2536	135.0
2537	124.0
2538	119.0
2539	127.0
2540	133.0
2541	125.0
2542	121.0
2543	122.0
2544	132.0
2545	130.0
2546	119.0
2547	113.0
2548	114.0
2549	128.0
2550	125.0
2551	117.0
2552	117.0
2553	122.0
2554	139.0
2555	127.0
2556	120.0
2557	117.0
2558	110.0
2559	122.0
2560	129.0
2561	121.0
2562	122.0
2563	113.0
2564	117.0
2565	127.0
2566	124.0
2567	119.0
2568	122.0
2569	119.0
2570	115.0
2571	140.0
2572	125.0
2573	118.0
2574	121.0
2575	128.0
2576	122.0
2577	121.0
2578	119.0
2579	113.0
2580	118.0
2581	134.0
2582	122.0
2583	118.0
2584	116.0
2585	122.0
2586	121.0
2587	115.0
2588	125.0
2589	117.0
2590	120.0
2591	118.0
2592	125.0
2593	125.0
2594	123.0
2595	128.0
2596	125.0
2597	114.0
2598	118.0
2599	130.0
2600	114.0
2601	117.0
2602	125.0
2603	118.0
2604	132.0
2605	130.0
2606	122.0
2607	121.0
2608	126.0
2609	134.0
2610	116.0
2611	119.0
2612	114.0
2613	123.0
2614	123.0
2615	121.0
2616	116.0
2617	121.0
2618	120.0
2619	113.0
2620	115.0
2621	126.0
2622	114.0
2623	113.0
2624	115.0
2625	118.0
2626	128.0
2627	131.0
2628	130.0
2629	143.0
2630	120.0
2631	126.0
2632	129.0
2633	141.0
2634	127.0
2635	134.0
2636	124.0
2637	117.0
2638	121.0
2639	128.0
2640	120.0
2641	133.0
2642	116.0
2643	122.0
2644	118.0
2645	126.0
2646	128.0
2647	116.0
2648	120.0
2649	128.0
2650	129.0
2651	119.0
2652	130.0
2653	119.0
2654	115.0
2655	127.0
2656	116.0
2657	127.0
2658	126.0
2659	122.0
2660	132.0
2661	121.0
2662	121.0
2663	121.0
2664	113.0
2665	119.0
2666	124.0
2667	127.0
2668	120.0
2669	121.0
2670	117.0
2671	117.0
2672	114.0
2673	115.0
2674	115.0
2675	120.0
2676	120.0
2677	123.0
2678	129.0
2679	123.0
2680	117.0
2681	123.0
2682	131.0
2683	114.0
2684	118.0
2685	114.0
2686	115.0
2687	114.0
2688	111.0
2689	115.0
2690	114.0
2691	117.0
2692	130.0
2693	115.0
2694	114.0
2695	120.0
2696	123.0
2697	126.0
2698	112.0
2699	121.0
2700	115.0
2701	119.0
2702	127.0
2703	121.0
2704	119.0
2705	128.0
2706	123.0
2707	127.0
2708	121.0
2709	117.0
2710	125.0
2711	120.0
2712	121.0
2713	118.0
2714	118.0
2715	123.0
2716	119.0
2717	129.0
2718	114.0
2719	114.0
2720	122.0
2721	115.0
2722	128.0
2723	124.0
2724	111.0
2725	113.0
2726	120.0
2727	113.0
2728	123.0
2729	119.0
2730	117.0
2731	119.0
2732	120.0
2733	112.0
2734	123.0
2735	132.0
2736	128.0
2737	122.0
2738	128.0
2739	121.0
2740	123.0
2741	111.0
2742	118.0
2743	113.0
2744	115.0
2745	118.0
2746	116.0
2747	119.0
2748	119.0
2749	126.0
2750	124.0
2751	120.0
2752	116.0
2753	117.0
2754	120.0
2755	138.0
2756	139.0
2757	120.0
2758	116.0
2759	128.0
2760	114.0
2761	126.0
2762	118.0
2763	113.0
2764	117.0
2765	126.0
2766	125.0
2767	129.0
2768	117.0
2769	116.0
2770	124.0
2771	136.0
2772	126.0
2773	121.0
2774	120.0
2775	125.0
2776	109.0
2777	125.0
2778	121.0
2779	122.0
2780	125.0
2781	117.0
2782	116.0
2783	130.0
2784	140.0
2785	128.0
2786	123.0
2787	117.0
2788	131.0
2789	118.0
2790	124.0
2791	122.0
2792	126.0
2793	117.0
2794	120.0
2795	117.0
2796	116.0
2797	124.0
2798	118.0
2799	125.0
2800	112.0
2801	113.0
2802	119.0
2803	121.0
2804	129.0
2805	122.0
2806	112.0
2807	118.0
2808	114.0
2809	115.0
2810	113.0
2811	120.0
2812	116.0
2813	122.0
2814	116.0
2815	117.0
2816	122.0
2817	123.0
2818	113.0
2819	113.0
2820	129.0
2821	119.0
2822	119.0
2823	129.0
2824	119.0
2825	128.0
2826	129.0
2827	114.0
2828	115.0
2829	119.0
2830	116.0
2831	113.0
2832	121.0
2833	116.0
2834	114.0
2835	113.0
2836	124.0
2837	132.0
2838	113.0
2839	123.0
2840	118.0
2841	113.0
2842	118.0
2843	129.0
2844	120.0
2845	113.0
2846	116.0
2847	122.0
2848	125.0
2849	133.0
2850	117.0
2851	118.0
2852	130.0
2853	137.0
2854	120.0
2855	114.0
2856	118.0
2857	116.0
2858	121.0
2859	115.0
2860	118.0
2861	126.0
2862	116.0
2863	119.0
2864	116.0
2865	122.0
2866	122.0
2867	119.0
2868	125.0
2869	124.0
2870	119.0
2871	119.0
2872	119.0
2873	118.0
2874	114.0
2875	117.0
2876	120.0
2877	111.0
2878	127.0
2879	131.0
2880	126.0
2881	126.0
2882	128.0
2883	119.0
2884	126.0
2885	118.0
2886	116.0
2887	118.0
2888	116.0
2889	114.0
2890	120.0
2891	121.0
2892	128.0
2893	123.0
2894	117.0
2895	133.0
2896	131.0
2897	128.0
2898	137.0
2899	112.0
2900	120.0
2901	113.0
2902	113.0
2903	118.0
2904	122.0
2905	125.0
2906	122.0
2907	123.0
2908	123.0
2909	122.0
2910	113.0
2911	116.0
2912	125.0
2913	118.0
2914	142.0
2915	128.0
2916	135.0
2917	132.0
2918	140.0
2919	134.0
2920	131.0
2921	118.0
2922	115.0
2923	117.0
2924	123.0
2925	125.0
2926	119.0
2927	116.0
2928	135.0
2929	129.0
2930	116.0
2931	118.0
2932	124.0
2933	124.0
2934	116.0
2935	123.0
2936	120.0
2937	122.0
2938	121.0
2939	133.0
2940	122.0
2941	125.0
2942	116.0
2943	120.0
2944	131.0
2945	116.0
2946	116.0
2947	124.0
2948	127.0
2949	118.0
2950	121.0
2951	119.0
2952	120.0
2953	126.0
2954	117.0
2955	120.0
2956	118.0
2957	111.0
2958	109.0
2959	118.0
2960	121.0
2961	114.0
2962	117.0
2963	121.0
2964	113.0
2965	128.0
2966	127.0
2967	117.0
2968	117.0
2969	117.0
2970	119.0
2971	122.0
2972	119.0
2973	116.0
2974	116.0
2975	117.0
2976	127.0
2977	116.0
2978	118.0
2979	140.0
2980	123.0
2981	121.0
2982	129.0
2983	116.0
2984	122.0
2985	123.0
2986	118.0
2987	119.0
2988	119.0
2989	113.0
2990	115.0
2991	113.0
2992	117.0
2993	129.0
2994	130.0
2995	122.0
2996	120.0
2997	121.0
2998	116.0
2999	118.0
3000	140.0
