2001	-0.6142
2002	-0.2146
2003	-0.5306
2004	-0.5485
2005	-0.5791
2006	-0.713
2007	-0.4244
2008	-0.2514
2009	-0.2737
2010	-0.5042
2011	-0.3745
2012	-0.006876
2013	-0.2758
2014	-0.2141
2015	-0.3501
2016	-0.2686
2017	-0.04783
2018	-0.2669
2019	-0.1539
2020	-0.2538
2021	-0.4582
2022	-0.3898
2023	-0.06632
2024	-0.3974
2025	-0.3974
2026	-0.3076
2027	-0.6678
2028	-0.6615
2029	-0.4076
2030	-0.2533
2031	-0.3808
2032	-0.132
2033	-0.142
2034	-0.3281
2035	-0.467
2036	-0.467
2037	-0.6094
2038	-0.6384
2039	-0.2781
2040	-0.441
2041	-0.3562
2042	-0.3566
2043	-0.09219
2044	-0.6241
2045	-0.142
2046	-0.3431
2047	0.006428
2048	-0.1081
2049	-0.3363
2050	-0.4017
2051	-0.5658
2052	-0.7066
2053	-0.6832
2054	-0.5684
2055	-0.1952
2056	-0.419
2057	-0.4821
2058	-0.3935
2059	-0.5615
2060	-0.1564
2061	-0.4312
2062	-0.5167
2063	-0.1396
2064	-0.1913
2065	-0.3702
2066	-0.5727
2067	-0.4301
2068	-0.5763
2069	-0.369
2070	-0.3451
2071	-0.2059
2072	-0.5242
2073	-0.4225
2074	-0.3986
2075	-0.4589
2076	-0.293
2077	-0.2045
2078	-0.2783
2079	-0.4705
2080	-0.1628
2081	-0.2155
2082	-0.5084
2083	0.1536
2084	0.1536
2085	0.1824
2086	0.08161
2087	-0.03285
2088	-0.3288
2089	-0.4403
2090	-0.5133
2091	-0.2625
2092	-0.1976
2093	-0.6386
2094	-0.5942
2095	-1.213
2096	-0.7301
2097	-0.7702
2098	-0.09359
2099	0.03056
2100	-0.3933
2101	-0.2608
2102	-0.6714
2103	-0.4329
2104	-0.4317
2105	-0.6253
2106	-0.8236
2107	-0.6389
2108	-0.6134
2109	-0.5233
2110	-0.2498
2111	-0.2661
2112	-0.3241
2113	-0.2478
2114	-0.5371
2115	-0.5584
2116	-0.7584
2117	-0.6749
2118	-0.7331
2119	-0.8641
2120	-0.1455
2121	-0.1892
2122	-0.5781
2123	-0.6362
2124	-0.8294
2125	-0.3084
2126	-0.03982
2127	-0.3491
2128	-0.1581
2129	-0.6684
2130	-0.6486
2131	-0.5006
2132	-0.6778
2133	-0.4557
2134	-0.4557
2135	-0.7036
2136	-0.7483
2137	-0.7787
2138	-0.4097
2139	-0.5975
2140	-0.8408
2141	-0.5932
2142	-0.4464
2143	-0.2236
2144	-0.05546
2145	-0.2772
2146	-0.4815
2147	-0.5976
2148	-0.3683
2149	-0.5129
2150	-0.8061
2151	-0.02705
2152	-0.6694
2153	-0.5395
2154	-0.4766
2155	-0.4766
2156	-0.8154
2157	-0.8154
2158	-0.2318
2159	-0.4962
2160	-0.1941
2161	-0.4691
2162	-0.5544
2163	-0.7249
2164	-0.06402
2165	-0.5403
2166	-0.8316
2167	-0.41
2168	-0.2613
2169	-0.5726
2170	-0.4005
2171	-0.2831
2172	-0.3577
2173	-0.3577
2174	-0.2116
2175	-0.2016
2176	-0.6656
2177	-0.6696
2178	-0.6111
2179	-0.5135
2180	-0.8244
2181	-0.5655
2182	-0.5274
2183	-0.6566
2184	-0.8484
2185	-0.3979
2186	-0.2905
2187	-0.6462
2188	-0.6838
2189	-0.5495
2190	-0.596
2191	-0.1749
2192	-0.2118
2193	-0.1208
2194	-0.3601
2195	-0.4708
2196	-0.4708
2197	-0.4313
2198	-0.462
2199	-0.2668
2200	-0.4065
2201	-0.526
2202	-0.4391
2203	-0.6277
2204	-0.5989
2205	-0.3296
2206	-0.758
2207	-0.703
2208	-0.4475
2209	-0.2125
2210	-0.3793
2211	-0.2541
2212	-0.1789
2213	-0.5099
2214	-0.5801
2215	-0.838
2216	-0.8657
2217	-0.6567
2218	-0.4554
2219	-0.5125
2220	-0.6923
2221	-0.1491
2222	-0.488
2223	-0.5039
2224	-0.5084
2225	-0.4827
2226	-0.08052
2227	-0.4522
2228	-0.5239
2229	-0.1915
2230	-0.3363
2231	-0.6126
2232	-0.5559
2233	-0.5232
2234	-0.8595
2235	-0.5128
2236	-0.3185
2237	-0.8707
2238	-0.7684
2239	-0.1659
2240	-0.3488
2241	-0.3488
2242	-0.176
2243	-0.2374
2244	-0.807
2245	-0.5524
2246	-0.6644
2247	-0.7934
2248	-0.6054
2249	-0.3764
2250	-0.3012
2251	-0.6608
2252	-0.5106
2253	-0.2978
2254	-0.3182
2255	-0.507
2256	-0.5545
2257	-0.7096
2258	-0.2118
2259	-0.63
2260	-0.63
2261	-0.3135
2262	-0.1683
2263	-0.7692
2264	-0.7443
2265	-0.4717
2266	-0.2831
2267	-0.4772
2268	-0.6425
2269	-0.7244
2270	-0.5727
2271	-0.291
2272	-0.3145
2273	-0.4573
2274	-0.1694
2275	-0.1205
2276	-0.2106
2277	-0.3846
2278	-0.2025
2279	-0.2832
2280	-0.6711
2281	-0.6706
2282	-0.5014
2283	-0.1491
2284	-0.3659
2285	-0.6907
2286	-0.2843
2287	-0.3387
2288	-0.4757
2289	-0.5868
2290	-0.2361
2291	-0.3874
2292	-0.3273
2293	-0.1588
2294	-0.5708
2295	-0.2939
2296	-0.7287
2297	-0.3793
2298	-0.7122
2299	-0.6351
2300	-0.5949
2301	-0.6384
2302	-0.09692
2303	-0.7259
2304	-0.3409
2305	-0.3771
2306	-0.4901
2307	-0.6134
2308	-0.4382
2309	-0.3311
2310	-0.4256
2311	-0.4029
2312	-0.043
2313	-0.2193
2314	-0.5659
2315	-0.1588
2316	-0.1767
2317	-0.4128
2318	-0.4976
2319	-0.2463
2320	-0.5335
2321	-0.3792
2322	-0.3949
2323	-0.07891
2324	-0.1895
2325	-0.4388
2326	-0.2443
2327	-0.4306
2328	-0.5163
2329	-0.09294
2330	-0.203
2331	-0.1546
2332	-0.766
2333	-0.4938
2334	-0.4704
2335	-0.4101
2336	-0.4357
2337	-0.4832
2338	-1.027
2339	-0.2573
2340	-0.07488
2341	-0.2531
2342	0.08432
2343	-0.02014
2344	-0.1884
2345	-0.3952
2346	-0.2676
2347	-0.3661
2348	-0.6044
2349	-0.3709
2350	-0.04711
2351	-0.3123
2352	-0.4541
2353	-0.4956
2354	-0.4048
2355	-0.5495
2356	-0.5183
2357	-0.652
2358	-0.8056
2359	-0.5211
2360	-0.4096
2361	-0.7996
2362	-0.4647
2363	-0.5935
2364	-0.7156
2365	-0.8416
2366	-0.1128
2367	-0.266
2368	-0.03192
2369	0.04918
2370	-0.145
2371	-0.315
2372	-0.3695
2373	-0.674
2374	-0.07549
2375	-0.6014
2376	-0.1415
2377	-0.4957
2378	-0.4142
2379	-0.6749
2380	-0.5766
2381	-0.3517
2382	-0.8192
2383	-0.3268
2384	-0.61
2385	-0.5615
2386	-0.6985
2387	-0.9209
2388	-0.9696
2389	-0.665
2390	-0.2253
2391	-0.3471
2392	-0.4011
2393	-0.07673
2394	-0.2025
2395	-0.0957
2396	-0.6308
2397	-0.6879
2398	-0.8671
2399	-0.1328
2400	-0.4538
2401	-0.208
2402	-0.6901
2403	-0.2115
2404	-0.2911
2405	-0.2911
2406	-0.4418
2407	-0.7564
2408	-0.6851
2409	-0.5061
2410	-0.4904
2411	-0.3738
2412	-0.2109
2413	-0.2248
2414	-0.04058
2415	-0.3901
2416	-0.3417
2417	-0.6872
2418	-0.4727
2419	-0.5561
2420	-0.4897
2421	-0.6469
2422	-0.9013
2423	-0.8135
2424	-0.7659
2425	-0.2643
2426	-0.6002
2427	-0.5886
2428	-0.6772
2429	-0.7722
2430	0.1409
2431	-0.26
2432	-0.3462
2433	-0.5724
2434	-0.09324
2435	-0.3022
2436	-0.2632
2437	-0.4077
2438	-0.5461
2439	-1.152
2440	-0.5551
2441	-0.4491
2442	-0.6739
2443	-0.6424
2444	-0.572
2445	-0.4848
2446	-0.5671
2447	-0.205
2448	-0.1084
2449	-0.7772
2450	-0.8663
2451	-0.5742
2452	-0.3036
2453	-0.3593
2454	-0.5089
2455	-0.4649
2456	-0.718
2457	-0.6847
2458	-0.4695
2459	-0.2727
2460	-0.06431
2461	-0.3906
2462	-0.3094
2463	-0.1973
2464	-0.6252
2465	-0.2684
2466	-0.527
2467	-0.2472
2468	-0.5364
2469	-0.4195
2470	-0.1723
2471	-0.582
2472	-0.2697
2473	-0.1541
2474	0.03449
2475	-0.7108
2476	-0.5326
2477	-0.1987
2478	-0.3328
2479	-0.3345
2480	-0.3798
2481	-0.7628
2482	-0.8816
2483	-0.3292
2484	4.807E-5
2485	-0.3169
2486	-0.4532
2487	-0.3114
2488	-0.3539
2489	-0.4752
2490	-0.5576
2491	-0.3988
2492	-0.2807
2493	-0.1229
2494	-0.281
2495	-0.477
2496	-0.2397
2497	-0.2397
2498	-0.4229
2499	-0.4533
2500	-0.5065
2501	-0.4926
2502	-0.4295
2503	-0.2045
2504	-0.3448
2505	-0.41
2506	-0.6522
2507	-0.6522
2508	-0.3739
2509	-0.5135
2510	-0.4623
2511	-0.3506
2512	-0.4359
2513	-0.4359
2514	-0.4714
2515	-0.2817
2516	-0.0568
2517	-0.3742
2518	0.05689
2519	-0.3736
2520	-0.5462
2521	-0.1779
2522	-0.2413
2523	-0.2291
2524	-0.2941
2525	-0.3106
2526	-0.3941
2527	-0.3941
2528	-0.477
2529	-0.3629
2530	-0.2624
2531	-0.4348
2532	-0.3323
2533	-0.2989
2534	-0.4305
2535	-0.703
2536	-0.5861
2537	-0.3834
2538	-0.6334
2539	-0.6335
2540	-0.4401
2541	-0.2607
2542	-0.3744
2543	-0.3233
2544	-0.4163
2545	-0.4025
2546	-0.4865
2547	-0.5133
2548	0.09324
2549	-0.424
2550	-0.3728
2551	-0.6507
2552	-0.2964
2553	-0.1352
2554	-0.3923
2555	-0.5779
2556	-0.276
2557	-0.276
2558	-0.7421
2559	-0.9808
2560	-0.2096
2561	-0.1597
2562	-0.476
2563	-0.8648
2564	-0.1385
2565	-0.1071
2566	-0.5281
2567	-0.1375
2568	-0.1823
2569	-0.2482
2570	-0.1022
2571	-0.4676
2572	-0.2564
2573	-0.3966
2574	-0.5749
2575	-0.7386
2576	-0.9658
2577	-0.4663
2578	-0.1284
2579	-0.6521
2580	-0.6521
2581	-0.4916
2582	-0.2363
2583	-0.6393
2584	-0.6753
2585	-0.2717
2586	-0.4205
2587	-0.4089
2588	-0.8329
2589	-0.4659
2590	-0.3423
2591	-0.3592
2592	-0.2937
2593	-0.4992
2594	-0.4516
2595	-0.5827
2596	-0.4436
2597	-0.5338
2598	-0.6736
2599	-0.5264
2600	-0.4899
2601	-0.6948
2602	0.0237
2603	-0.156
2604	-0.4984
2605	-0.6856
2606	0.03037
2607	-0.6227
2608	-0.5645
2609	-0.1452
2610	-0.4962
2611	-0.3911
2612	-0.5543
2613	-0.2635
2614	0.008983
2615	-0.0262
2616	-0.392
2617	-0.6075
2618	-0.546
2619	-0.4393
2620	-0.5579
2621	-0.3394
2622	-0.2656
2623	-0.2918
2624	-0.3884
2625	-0.603
2626	-0.6691
2627	-0.2876
2628	-0.4843
2629	-0.4843
2630	-0.5065
2631	-0.1668
2632	-0.1252
2633	-0.5401
2634	-0.5587
2635	-0.5931
2636	-0.6885
2637	-0.6813
2638	-0.7883
2639	-0.514
2640	-0.3798
2641	-0.1133
2642	-0.4302
2643	-0.6381
2644	-0.3173
2645	-0.4388
2646	-0.7705
2647	-0.4321
2648	-0.3711
2649	-0.6221
2650	-0.5735
2651	-0.4101
2652	-0.4596
2653	-0.5157
2654	-0.046
2655	-0.5951
2656	-0.3106
2657	-0.1126
2658	-0.1468
2659	-0.6294
2660	0.1657
2661	-0.4158
2662	-0.6654
2663	-0.6786
2664	-0.6243
2665	-0.2965
2666	-0.2539
2667	-0.3101
2668	-0.2182
2669	-0.539
2670	-0.1173
2671	-0.3281
2672	-0.3237
2673	-0.2198
2674	-0.5224
2675	-0.4884
2676	-0.5313
2677	-0.4643
2678	-0.315
2679	-0.3358
2680	-0.3234
2681	-0.3529
2682	-0.01829
2683	-0.3808
2684	-0.7442
2685	-0.6648
2686	-0.4194
2687	-0.3275
2688	-0.06347
2689	-0.5401
2690	-0.321
2691	-0.3783
2692	-0.5708
2693	-0.437
2694	-0.5106
2695	-1.086
2696	-0.4976
2697	-0.53
2698	-0.1865
2699	-0.4276
2700	-0.6338
2701	-0.3146
2702	-0.7603
2703	-0.4195
2704	-0.3005
2705	-0.4289
2706	-0.4762
2707	-0.3555
2708	-0.3894
2709	-0.7038
2710	-0.2311
2711	-0.5068
2712	-0.2036
2713	-0.2383
2714	-0.5025
2715	-0.4772
2716	-0.6027
2717	-0.6901
2718	-0.2757
2719	-0.3166
2720	-0.3166
2721	-0.3208
2722	-0.2287
2723	-0.3606
2724	-0.4882
2725	-0.588
2726	-0.5559
2727	-0.6152
2728	-0.8198
2729	-0.6224
2730	-0.7897
2731	-0.5888
2732	-0.46
2733	-0.5983
2734	-0.4291
2735	-0.5545
2736	-0.2014
2737	-0.4535
2738	-0.3956
2739	-0.4079
2740	-0.8169
2741	-0.4197
2742	-0.6591
2743	-0.4461
2744	-0.5111
2745	-0.2649
2746	-0.4313
2747	-0.3975
2748	-0.7871
2749	-0.4596
2750	-0.8006
2751	-0.6281
2752	-0.6852
2753	-0.559
2754	-0.4993
2755	-0.7239
2756	-0.8448
2757	-0.8829
2758	-0.1996
2759	-0.534
2760	-0.758
2761	-0.6644
2762	-0.2489
2763	-0.3167
2764	-0.6191
2765	-0.3703
2766	-0.2655
2767	-0.3184
2768	-0.8244
2769	-0.8793
2770	-0.5089
2771	-0.4521
2772	-0.4281
2773	-0.9519
2774	-0.7107
2775	-0.5488
2776	-0.1013
2777	-0.5676
2778	-0.4257
2779	-0.4478
2780	-0.1398
2781	-0.359
2782	-0.2196
2783	-0.1227
2784	-0.5652
2785	-0.5124
2786	-0.4092
2787	-0.3705
2788	-0.4604
2789	-0.2623
2790	-0.5425
2791	-0.5238
2792	-0.6362
2793	-0.4764
2794	-0.6271
2795	-0.7104
2796	-0.2196
2797	-0.01356
2798	-0.03191
2799	-0.03191
2800	-0.03191
2801	0.06622
2802	-1.105
2803	-0.2333
2804	-0.1956
2805	-0.0918
2806	-0.8332
2807	-0.5356
2808	-0.5085
2809	-0.24
2810	-0.482
2811	-0.2532
2812	-0.6432
2813	-0.101
2814	0.1211
2815	-0.2629
2816	-0.356
2817	-0.7011
2818	-0.451
2819	-0.2375
2820	-0.3623
2821	-0.5241
2822	-0.5241
2823	-0.5241
2824	-0.4793
2825	-0.1925
2826	-0.2359
2827	-0.2153
2828	-0.563
2829	-0.3158
2830	-0.5663
2831	-0.5528
2832	-0.1347
2833	-0.2849
2834	-0.7029
2835	-0.6946
2836	-0.6318
2837	-0.7323
2838	-0.4604
2839	-0.5091
2840	-0.1171
2841	-0.2134
2842	-0.493
2843	-0.66
2844	-0.3825
2845	-0.1734
2846	-0.1741
2847	-0.09789
2848	-0.2809
2849	-0.4473
2850	-0.3559
2851	-0.2611
2852	-0.5644
2853	-0.5288
2854	-0.4739
2855	-0.4523
2856	-0.7353
2857	-1.016
2858	-0.5238
2859	-0.3756
2860	-0.2444
2861	-0.3696
2862	-0.4204
2863	-0.5754
2864	-0.1994
2865	-0.4593
2866	-0.626
2867	-0.8138
2868	-0.3833
2869	-0.6986
2870	-0.533
2871	-0.1984
2872	-0.1944
2873	-0.5994
2874	-0.3731
2875	-0.05645
2876	-0.1333
2877	-0.4729
2878	-0.4602
2879	-0.2474
2880	-0.3896
2881	-0.2296
2882	-0.4862
2883	-0.2446
2884	-0.2446
2885	-0.6717
2886	-0.6964
2887	-0.3926
2888	-0.3926
2889	-0.662
2890	-0.7035
2891	-0.5715
2892	-0.5715
2893	-0.4185
2894	-0.7096
2895	-0.6156
2896	-0.6621
2897	-0.4906
2898	-0.6692
2899	-0.5361
2900	-0.3573
2901	-0.3405
2902	-0.5871
2903	-0.5346
2904	-0.5501
2905	-0.1829
2906	-0.464
2907	-0.377
2908	-0.2676
2909	-0.5401
2910	-0.4022
2911	-0.7997
2912	-0.5146
2913	-0.323
2914	-0.699
2915	-0.7718
2916	-0.6248
2917	-0.603
2918	-0.4437
2919	-0.375
2920	-0.6615
2921	-0.5587
2922	-0.3457
2923	-0.2295
2924	-0.3472
2925	-0.4191
2926	-0.254
2927	-0.2714
2928	-0.3032
2929	-0.3032
2930	-0.2964
2931	-0.4389
2932	-0.5589
2933	-0.3076
2934	-0.2539
2935	-0.2013
2936	-0.1934
2937	-0.5019
2938	-0.6469
2939	-0.6691
2940	-0.3712
2941	-0.5458
2942	-0.7342
2943	-0.4791
2944	-0.6271
2945	-0.805
2946	-0.3544
2947	-0.7492
2948	-0.7791
2949	-0.377
2950	-0.4541
2951	-0.8508
2952	-0.8192
2953	-0.5058
2954	-0.6314
2955	-0.5593
2956	-0.2742
2957	-0.3573
2958	-0.2179
2959	-0.5495
2960	-0.7257
2961	-0.3041
2962	-0.5146
2963	-0.6256
2964	-0.6256
2965	-0.8831
2966	-0.4091
2967	-0.5401
2968	-0.5837
2969	-0.4651
2970	-0.3794
2971	-0.6282
2972	-0.4613
2973	-0.6125
2974	-0.4823
2975	-0.656
2976	-0.1424
2977	-0.1862
2978	-0.1403
2979	-0.5975
2980	-0.9283
2981	-0.4124
2982	-0.2518
2983	-0.1698
2984	-0.2601
2985	-0.2601
2986	-0.7222
2987	-0.4185
2988	-0.6043
2989	-0.7059
2990	-0.1754
2991	-0.4814
2992	-1.017
2993	-0.617
2994	-0.5176
2995	-0.5176
2996	-0.2197
2997	-0.6147
2998	-0.4357
2999	-0.6404
3000	-0.481
2001	-6.211
2002	-6.112
2003	-6.105
2004	-5.637
2005	-5.296
2006	-5.203
2007	-5.313
2008	-5.297
2009	-5.243
2010	-5.615
2011	-5.556
2012	-5.882
2013	-5.633
2014	-5.584
2015	-6.086
2016	-5.914
2017	-5.9
2018	-5.997
2019	-6.004
2020	-5.776
2021	-5.267
2022	-5.678
2023	-5.537
2024	-5.387
2025	-4.99
2026	-5.38
2027	-5.276
2028	-5.276
2029	-5.265
2030	-5.747
2031	-5.448
2032	-5.657
2033	-5.971
2034	-6.037
2035	-6.305
2036	-6.262
2037	-6.726
2038	-6.703
2039	-6.715
2040	-6.581
2041	-6.83
2042	-6.63
2043	-6.561
2044	-6.421
2045	-6.649
2046	-6.583
2047	-6.553
2048	-6.481
2049	-6.654
2050	-6.478
2051	-6.301
2052	-6.504
2053	-6.227
2054	-6.126
2055	-5.835
2056	-6.144
2057	-6.355
2058	-6.301
2059	-6.693
2060	-6.904
2061	-7.145
2062	-7.163
2063	-7.407
2064	-7.73
2065	-7.561
2066	-7.776
2067	-7.681
2068	-7.699
2069	-7.531
2070	-7.259
2071	-7.274
2072	-7.013
2073	-7.013
2074	-7.056
2075	-7.359
2076	-7.267
2077	-7.589
2078	-7.405
2079	-7.294
2080	-6.852
2081	-7.058
2082	-7.08
2083	-6.898
2084	-6.755
2085	-6.693
2086	-6.362
2087	-5.93
2088	-6.057
2089	-5.943
2090	-5.89
2091	-6.011
2092	-5.95
2093	-6.035
2094	-6.145
2095	-6.26
2096	-6.27
2097	-6.27
2098	-6.157
2099	-6.157
2100	-5.636
2101	-5.548
2102	-5.311
2103	-5.426
2104	-5.372
2105	-5.473
2106	-5.327
2107	-5.272
2108	-5.016
2109	-5.16
2110	-5.339
2111	-5.424
2112	-5.64
2113	-5.446
2114	-5.448
2115	-5.421
2116	-5.308
2117	-5.506
2118	-5.704
2119	-5.65
2120	-6.053
2121	-6.236
2122	-6.413
2123	-6.147
2124	-6.375
2125	-6.072
2126	-6.298
2127	-6.38
2128	-6.6
2129	-6.249
2130	-6.153
2131	-6.297
2132	-6.607
2133	-6.483
2134	-6.112
2135	-5.947
2136	-6.036
2137	-6.316
2138	-6.276
2139	-6.099
2140	-5.999
2141	-5.839
2142	-5.414
2143	-5.397
2144	-5.397
2145	-5.722
2146	-5.383
2147	-5.635
2148	-5.853
2149	-5.876
2150	-5.7
2151	-5.43
2152	-5.376
2153	-5.21
2154	-5.116
2155	-5.026
2156	-4.964
2157	-5.212
2158	-5.245
2159	-5.263
2160	-5.252
2161	-5.01
2162	-4.997
2163	-4.99
2164	-5.276
2165	-5.235
2166	-5.758
2167	-5.476
2168	-5.933
2169	-6.034
2170	-5.504
2171	-5.548
2172	-5.641
2173	-5.625
2174	-5.163
2175	-5.416
2176	-5.975
2177	-6.31
2178	-6.541
2179	-6.865
2180	-6.561
2181	-6.474
2182	-6.474
2183	-6.087
2184	-6.395
2185	-6.563
2186	-6.725
2187	-6.601
2188	-6.492
2189	-6.293
2190	-6.389
2191	-6.662
2192	-6.278
2193	-6.494
2194	-6.269
2195	-6.159
2196	-6.043
2197	-6.059
2198	-5.978
2199	-5.978
2200	-6.016
2201	-5.652
2202	-5.601
2203	-5.741
2204	-5.776
2205	-5.651
2206	-5.689
2207	-5.256
2208	-5.287
2209	-5.241
2210	-5.301
2211	-5.175
2212	-5.337
2213	-5.375
2214	-5.497
2215	-6.224
2216	-6.537
2217	-6.583
2218	-6.907
2219	-6.751
2220	-6.636
2221	-6.499
2222	-6.596
2223	-6.698
2224	-6.711
2225	-6.678
2226	-6.757
2227	-6.769
2228	-6.779
2229	-6.47
2230	-6.218
2231	-5.97
2232	-6.164
2233	-6.009
2234	-5.896
2235	-5.641
2236	-5.889
2237	-5.63
2238	-5.423
2239	-5.4
2240	-5.556
2241	-5.757
2242	-6.097
2243	-5.843
2244	-6.15
2245	-6.2
2246	-6.106
2247	-6.079
2248	-6.176
2249	-6.106
2250	-6.416
2251	-6.766
2252	-6.678
2253	-6.682
2254	-6.061
2255	-6.031
2256	-5.952
2257	-5.35
2258	-5.677
2259	-5.704
2260	-5.695
2261	-5.732
2262	-5.8
2263	-5.722
2264	-5.954
2265	-5.956
2266	-5.937
2267	-5.916
2268	-6.011
2269	-5.696
2270	-5.817
2271	-5.993
2272	-6.081
2273	-6.184
2274	-6.184
2275	-6.265
2276	-6.418
2277	-6.69
2278	-6.543
2279	-6.121
2280	-6.417
2281	-6.573
2282	-6.083
2283	-6.083
2284	-6.536
2285	-6.537
2286	-6.556
2287	-6.428
2288	-6.432
2289	-6.354
2290	-6.179
2291	-6.337
2292	-6.468
2293	-6.41
2294	-6.57
2295	-6.371
2296	-6.308
2297	-6.343
2298	-6.597
2299	-6.792
2300	-6.472
2301	-6.558
2302	-6.348
2303	-5.937
2304	-6.036
2305	-5.669
2306	-5.735
2307	-5.838
2308	-5.805
2309	-6.057
2310	-6.023
2311	-6.361
2312	-6.252
2313	-5.787
2314	-5.52
2315	-5.964
2316	-5.869
2317	-6.197
2318	-6.633
2319	-6.873
2320	-6.85
2321	-6.663
2322	-6.547
2323	-6.714
2324	-6.529
2325	-6.708
2326	-6.779
2327	-6.591
2328	-6.704
2329	-6.648
2330	-6.58
2331	-6.544
2332	-6.471
2333	-6.452
2334	-6.452
2335	-6.425
2336	-6.731
2337	-6.75
2338	-6.711
2339	-6.795
2340	-6.419
2341	-6.593
2342	-6.67
2343	-6.631
2344	-6.417
2345	-6.321
2346	-6.15
2347	-6.103
2348	-5.582
2349	-5.866
2350	-5.884
2351	-5.911
2352	-5.883
2353	-6.0
2354	-5.869
2355	-5.784
2356	-5.901
2357	-6.353
2358	-6.43
2359	-6.498
2360	-6.861
2361	-6.668
2362	-6.876
2363	-7.19
2364	-7.068
2365	-6.639
2366	-6.749
2367	-6.416
2368	-6.074
2369	-5.418
2370	-5.487
2371	-5.39
2372	-5.399
2373	-5.568
2374	-5.905
2375	-5.905
2376	-6.091
2377	-6.263
2378	-6.349
2379	-6.261
2380	-6.57
2381	-6.314
2382	-6.625
2383	-6.659
2384	-7.012
2385	-6.823
2386	-6.248
2387	-6.346
2388	-6.785
2389	-6.919
2390	-6.373
2391	-6.373
2392	-6.262
2393	-6.65
2394	-7.015
2395	-7.15
2396	-6.861
2397	-6.834
2398	-7.149
2399	-7.343
2400	-7.477
2401	-7.491
2402	-7.521
2403	-7.346
2404	-7.136
2405	-6.901
2406	-6.84
2407	-6.996
2408	-6.779
2409	-6.896
2410	-6.882
2411	-6.582
2412	-6.705
2413	-6.923
2414	-6.725
2415	-6.079
2416	-6.021
2417	-5.795
2418	-5.789
2419	-6.077
2420	-5.78
2421	-5.73
2422	-5.653
2423	-5.569
2424	-5.693
2425	-5.878
2426	-6.414
2427	-6.387
2428	-6.506
2429	-6.635
2430	-6.771
2431	-6.208
2432	-6.03
2433	-6.085
2434	-6.353
2435	-6.199
2436	-6.225
2437	-6.299
2438	-6.176
2439	-6.219
2440	-5.957
2441	-6.121
2442	-6.036
2443	-6.032
2444	-6.098
2445	-6.01
2446	-5.586
2447	-5.89
2448	-5.599
2449	-5.636
2450	-5.149
2451	-5.381
2452	-5.384
2453	-5.906
2454	-5.59
2455	-6.091
2456	-5.853
2457	-6.433
2458	-6.753
2459	-6.873
2460	-6.697
2461	-6.546
2462	-5.971
2463	-5.971
2464	-5.656
2465	-5.98
2466	-6.311
2467	-6.464
2468	-6.374
2469	-6.007
2470	-6.159
2471	-6.02
2472	-6.132
2473	-5.983
2474	-6.173
2475	-6.173
2476	-6.023
2477	-5.591
2478	-5.943
2479	-5.943
2480	-6.29
2481	-6.222
2482	-6.478
2483	-6.403
2484	-6.285
2485	-6.149
2486	-6.196
2487	-6.113
2488	-6.181
2489	-6.18
2490	-6.061
2491	-6.035
2492	-6.272
2493	-6.006
2494	-6.068
2495	-6.56
2496	-6.178
2497	-5.96
2498	-6.072
2499	-5.747
2500	-5.882
2501	-5.747
2502	-6.402
2503	-6.182
2504	-5.976
2505	-6.315
2506	-5.925
2507	-6.302
2508	-6.173
2509	-6.375
2510	-6.662
2511	-6.492
2512	-6.668
2513	-6.755
2514	-6.667
2515	-6.695
2516	-6.912
2517	-6.421
2518	-5.798
2519	-5.798
2520	-6.105
2521	-6.204
2522	-6.04
2523	-6.01
2524	-5.92
2525	-5.836
2526	-5.884
2527	-5.704
2528	-5.806
2529	-5.859
2530	-6.132
2531	-5.31
2532	-5.507
2533	-5.379
2534	-5.42
2535	-5.401
2536	-5.556
2537	-5.556
2538	-6.132
2539	-5.959
2540	-6.066
2541	-5.959
2542	-6.099
2543	-5.984
2544	-5.821
2545	-5.79
2546	-5.722
2547	-6.383
2548	-6.187
2549	-6.104
2550	-5.905
2551	-5.621
2552	-5.782
2553	-5.884
2554	-5.951
2555	-5.651
2556	-5.575
2557	-5.451
2558	-5.548
2559	-5.644
2560	-5.644
2561	-5.644
2562	-5.975
2563	-5.853
2564	-6.056
2565	-6.127
2566	-6.705
2567	-6.601
2568	-6.324
2569	-6.322
2570	-6.548
2571	-7.099
2572	-6.698
2573	-6.911
2574	-6.031
2575	-5.916
2576	-6.006
2577	-6.262
2578	-5.924
2579	-5.837
2580	-5.759
2581	-5.743
2582	-5.5
2583	-5.383
2584	-5.527
2585	-5.736
2586	-6.156
2587	-6.004
2588	-5.941
2589	-6.081
2590	-5.956
2591	-6.425
2592	-6.568
2593	-6.522
2594	-6.446
2595	-6.618
2596	-6.209
2597	-5.702
2598	-6.575
2599	-6.575
2600	-6.612
2601	-6.192
2602	-6.37
2603	-6.228
2604	-6.078
2605	-5.869
2606	-6.009
2607	-6.056
2608	-6.102
2609	-5.994
2610	-6.196
2611	-5.886
2612	-6.088
2613	-5.857
2614	-5.857
2615	-6.06
2616	-5.661
2617	-5.881
2618	-6.119
2619	-5.824
2620	-6.116
2621	-5.985
2622	-5.558
2623	-5.98
2624	-5.465
2625	-5.532
2626	-5.759
2627	-5.552
2628	-5.064
2629	-5.156
2630	-5.183
2631	-5.138
2632	-5.047
2633	-5.235
2634	-5.307
2635	-5.28
2636	-5.665
2637	-6.141
2638	-6.111
2639	-5.895
2640	-5.985
2641	-5.794
2642	-5.715
2643	-5.698
2644	-5.268
2645	-5.133
2646	-4.834
2647	-5.27
2648	-5.928
2649	-5.707
2650	-5.784
2651	-5.548
2652	-5.663
2653	-5.729
2654	-5.88
2655	-5.943
2656	-6.418
2657	-6.365
2658	-6.562
2659	-6.923
2660	-7.153
2661	-6.823
2662	-6.706
2663	-6.901
2664	-6.663
2665	-6.717
2666	-6.701
2667	-6.775
2668	-6.584
2669	-6.407
2670	-6.444
2671	-6.21
2672	-5.684
2673	-5.749
2674	-5.899
2675	-5.899
2676	-6.319
2677	-6.402
2678	-6.342
2679	-6.42
2680	-6.175
2681	-6.097
2682	-6.163
2683	-6.168
2684	-6.321
2685	-6.218
2686	-6.032
2687	-6.474
2688	-5.976
2689	-5.865
2690	-6.136
2691	-6.364
2692	-6.374
2693	-6.374
2694	-6.223
2695	-6.08
2696	-5.997
2697	-5.799
2698	-6.074
2699	-6.111
2700	-5.972
2701	-5.842
2702	-5.751
2703	-5.742
2704	-5.705
2705	-5.435
2706	-5.824
2707	-6.36
2708	-6.273
2709	-6.271
2710	-6.418
2711	-6.189
2712	-6.409
2713	-6.129
2714	-6.181
2715	-5.807
2716	-5.563
2717	-5.748
2718	-5.784
2719	-5.978
2720	-5.906
2721	-5.771
2722	-5.818
2723	-5.95
2724	-5.924
2725	-5.819
2726	-6.426
2727	-6.635
2728	-6.296
2729	-6.708
2730	-6.801
2731	-6.945
2732	-6.753
2733	-6.936
2734	-6.842
2735	-7.095
2736	-6.572
2737	-6.228
2738	-6.358
2739	-6.371
2740	-6.5
2741	-6.646
2742	-6.654
2743	-6.895
2744	-6.767
2745	-7.076
2746	-6.898
2747	-6.767
2748	-6.945
2749	-6.772
2750	-7.079
2751	-7.028
2752	-6.738
2753	-6.466
2754	-6.644
2755	-6.886
2756	-6.378
2757	-6.378
2758	-6.36
2759	-6.258
2760	-6.154
2761	-6.301
2762	-6.072
2763	-6.038
2764	-6.664
2765	-6.842
2766	-6.394
2767	-6.747
2768	-6.405
2769	-5.972
2770	-5.998
2771	-6.119
2772	-5.836
2773	-5.639
2774	-5.674
2775	-5.479
2776	-5.941
2777	-5.568
2778	-5.706
2779	-5.982
2780	-6.096
2781	-6.096
2782	-6.662
2783	-6.596
2784	-6.514
2785	-6.234
2786	-6.133
2787	-6.137
2788	-6.397
2789	-6.609
2790	-6.594
2791	-6.632
2792	-6.32
2793	-6.817
2794	-6.797
2795	-6.793
2796	-6.802
2797	-6.765
2798	-6.757
2799	-6.37
2800	-6.484
2801	-6.506
2802	-6.19
2803	-6.055
2804	-5.688
2805	-5.975
2806	-5.914
2807	-6.063
2808	-6.058
2809	-5.949
2810	-6.15
2811	-6.158
2812	-5.765
2813	-5.727
2814	-5.727
2815	-5.518
2816	-5.588
2817	-5.678
2818	-5.843
2819	-5.983
2820	-6.012
2821	-6.269
2822	-5.884
2823	-6.225
2824	-6.233
2825	-6.083
2826	-5.999
2827	-6.162
2828	-6.161
2829	-6.371
2830	-5.991
2831	-5.941
2832	-6.096
2833	-6.385
2834	-6.258
2835	-6.158
2836	-5.916
2837	-6.43
2838	-6.241
2839	-6.581
2840	-6.413
2841	-6.277
2842	-6.781
2843	-6.77
2844	-6.583
2845	-6.493
2846	-6.737
2847	-6.774
2848	-6.458
2849	-6.361
2850	-6.119
2851	-5.958
2852	-5.851
2853	-5.717
2854	-5.786
2855	-5.602
2856	-5.854
2857	-5.897
2858	-6.057
2859	-6.4
2860	-6.788
2861	-5.981
2862	-6.339
2863	-6.351
2864	-6.067
2865	-6.062
2866	-6.208
2867	-6.108
2868	-6.046
2869	-6.012
2870	-5.867
2871	-6.304
2872	-6.287
2873	-6.218
2874	-6.104
2875	-5.77
2876	-6.214
2877	-6.206
2878	-6.083
2879	-6.083
2880	-6.097
2881	-6.437
2882	-6.731
2883	-6.349
2884	-6.216
2885	-6.022
2886	-6.462
2887	-6.735
2888	-6.57
2889	-6.873
2890	-7.178
2891	-7.285
2892	-7.198
2893	-7.326
2894	-7.121
2895	-7.04
2896	-7.461
2897	-7.119
2898	-7.037
2899	-6.535
2900	-6.651
2901	-6.802
2902	-6.768
2903	-6.867
2904	-6.519
2905	-6.796
2906	-6.516
2907	-6.854
2908	-7.32
2909	-7.334
2910	-7.431
2911	-7.431
2912	-6.868
2913	-6.755
2914	-6.755
2915	-6.863
2916	-7.284
2917	-6.88
2918	-6.643
2919	-6.52
2920	-5.953
2921	-6.103
2922	-5.604
2923	-5.592
2924	-5.954
2925	-6.292
2926	-5.861
2927	-5.939
2928	-5.878
2929	-5.854
2930	-6.011
2931	-6.344
2932	-6.522
2933	-6.589
2934	-6.829
2935	-6.725
2936	-6.526
2937	-6.321
2938	-6.165
2939	-6.45
2940	-6.264
2941	-6.437
2942	-6.284
2943	-6.301
2944	-6.361
2945	-6.591
2946	-6.697
2947	-6.235
2948	-6.253
2949	-6.129
2950	-6.288
2951	-6.427
2952	-6.443
2953	-6.203
2954	-6.507
2955	-6.404
2956	-6.454
2957	-6.302
2958	-6.34
2959	-6.585
2960	-6.175
2961	-6.688
2962	-6.614
2963	-6.688
2964	-6.403
2965	-6.28
2966	-6.433
2967	-6.094
2968	-6.083
2969	-5.929
2970	-5.781
2971	-5.445
2972	-6.303
2973	-6.623
2974	-6.864
2975	-7.017
2976	-7.225
2977	-7.366
2978	-6.894
2979	-6.441
2980	-6.7
2981	-6.703
2982	-6.629
2983	-6.201
2984	-6.134
2985	-6.226
2986	-6.316
2987	-6.294
2988	-6.225
2989	-6.618
2990	-6.651
2991	-6.729
2992	-6.788
2993	-6.32
2994	-6.277
2995	-5.936
2996	-6.116
2997	-6.094
2998	-5.917
2999	-6.102
3000	-5.965
2001	0.4332
2002	0.4039
2003	0.4072
2004	0.372
2005	0.3429
2006	0.347
2007	0.341
2008	0.3422
2009	0.3386
2010	0.3876
2011	0.3648
2012	0.3798
2013	0.3682
2014	0.3655
2015	0.3994
2016	0.3762
2017	0.3713
2018	0.3932
2019	0.4047
2020	0.3821
2021	0.3455
2022	0.3725
2023	0.3535
2024	0.3508
2025	0.3267
2026	0.3633
2027	0.3414
2028	0.3451
2029	0.3509
2030	0.3687
2031	0.3677
2032	0.3807
2033	0.395
2034	0.398
2035	0.4387
2036	0.4288
2037	0.4598
2038	0.4497
2039	0.4442
2040	0.4509
2041	0.456
2042	0.47
2043	0.4194
2044	0.4435
2045	0.4239
2046	0.4567
2047	0.4517
2048	0.4342
2049	0.4402
2050	0.4361
2051	0.4033
2052	0.4294
2053	0.4174
2054	0.396
2055	0.3983
2056	0.4066
2057	0.4448
2058	0.4321
2059	0.4599
2060	0.4678
2061	0.4988
2062	0.4827
2063	0.4839
2064	0.5199
2065	0.5359
2066	0.5481
2067	0.5446
2068	0.5257
2069	0.5193
2070	0.4843
2071	0.4897
2072	0.5103
2073	0.4929
2074	0.5045
2075	0.5074
2076	0.4952
2077	0.5182
2078	0.5041
2079	0.518
2080	0.4617
2081	0.4795
2082	0.4949
2083	0.4574
2084	0.4642
2085	0.422
2086	0.416
2087	0.3923
2088	0.4035
2089	0.3892
2090	0.4092
2091	0.4038
2092	0.4137
2093	0.4041
2094	0.4217
2095	0.4344
2096	0.4662
2097	0.4471
2098	0.4035
2099	0.4054
2100	0.38
2101	0.3711
2102	0.3607
2103	0.3753
2104	0.3552
2105	0.3678
2106	0.3514
2107	0.3493
2108	0.3189
2109	0.3394
2110	0.3458
2111	0.3564
2112	0.3828
2113	0.3626
2114	0.3582
2115	0.3617
2116	0.3768
2117	0.3681
2118	0.3709
2119	0.3792
2120	0.3888
2121	0.4242
2122	0.445
2123	0.4276
2124	0.4313
2125	0.416
2126	0.4161
2127	0.4294
2128	0.4337
2129	0.4173
2130	0.4258
2131	0.4304
2132	0.4451
2133	0.4248
2134	0.4029
2135	0.3843
2136	0.3843
2137	0.4027
2138	0.4027
2139	0.4127
2140	0.388
2141	0.3669
2142	0.3632
2143	0.3536
2144	0.3628
2145	0.3789
2146	0.3565
2147	0.3636
2148	0.376
2149	0.3862
2150	0.3854
2151	0.35
2152	0.3447
2153	0.3399
2154	0.3299
2155	0.3357
2156	0.3344
2157	0.3344
2158	0.3264
2159	0.3264
2160	0.3399
2161	0.3392
2162	0.3358
2163	0.3547
2164	0.3548
2165	0.3509
2166	0.3702
2167	0.3702
2168	0.3842
2169	0.4012
2170	0.3671
2171	0.3545
2172	0.3613
2173	0.3516
2174	0.33
2175	0.3732
2176	0.4024
2177	0.4448
2178	0.4401
2179	0.4619
2180	0.4417
2181	0.4476
2182	0.4538
2183	0.4115
2184	0.4353
2185	0.4353
2186	0.4463
2187	0.4486
2188	0.422
2189	0.4299
2190	0.4191
2191	0.4387
2192	0.4356
2193	0.4434
2194	0.4262
2195	0.4089
2196	0.3954
2197	0.3967
2198	0.3967
2199	0.3967
2200	0.3833
2201	0.3727
2202	0.3515
2203	0.3943
2204	0.3756
2205	0.3634
2206	0.3695
2207	0.3486
2208	0.335
2209	0.3331
2210	0.3531
2211	0.3477
2212	0.3547
2213	0.3568
2214	0.3841
2215	0.4238
2216	0.4411
2217	0.4744
2218	0.4754
2219	0.4599
2220	0.4593
2221	0.4385
2222	0.4371
2223	0.4612
2224	0.4496
2225	0.4602
2226	0.4587
2227	0.4562
2228	0.4804
2229	0.4323
2230	0.4101
2231	0.4201
2232	0.4061
2233	0.392
2234	0.3827
2235	0.3668
2236	0.3847
2237	0.3823
2238	0.3754
2239	0.354
2240	0.3668
2241	0.3783
2242	0.3971
2243	0.4069
2244	0.4245
2245	0.4294
2246	0.4048
2247	0.4035
2248	0.4189
2249	0.413
2250	0.4364
2251	0.4627
2252	0.4429
2253	0.4324
2254	0.4
2255	0.3968
2256	0.3963
2257	0.3612
2258	0.3574
2259	0.3892
2260	0.361
2261	0.3753
2262	0.3841
2263	0.3742
2264	0.386
2265	0.4001
2266	0.3921
2267	0.4135
2268	0.3843
2269	0.3909
2270	0.3922
2271	0.407
2272	0.3978
2273	0.4245
2274	0.4184
2275	0.4153
2276	0.416
2277	0.4375
2278	0.4352
2279	0.4082
2280	0.4165
2281	0.4387
2282	0.4073
2283	0.4209
2284	0.4437
2285	0.4374
2286	0.4233
2287	0.4233
2288	0.4226
2289	0.4228
2290	0.4333
2291	0.4369
2292	0.4331
2293	0.4448
2294	0.4413
2295	0.4292
2296	0.4312
2297	0.4279
2298	0.4436
2299	0.4372
2300	0.4383
2301	0.4535
2302	0.4258
2303	0.3963
2304	0.4172
2305	0.3827
2306	0.376
2307	0.3734
2308	0.3831
2309	0.4025
2310	0.4174
2311	0.4434
2312	0.4108
2313	0.3829
2314	0.3658
2315	0.4059
2316	0.3968
2317	0.4161
2318	0.4383
2319	0.4574
2320	0.4689
2321	0.4693
2322	0.4473
2323	0.4473
2324	0.4418
2325	0.4628
2326	0.4786
2327	0.4409
2328	0.4483
2329	0.4521
2330	0.4229
2331	0.4419
2332	0.4495
2333	0.4411
2334	0.4235
2335	0.4421
2336	0.4717
2337	0.4795
2338	0.4721
2339	0.452
2340	0.4498
2341	0.4527
2342	0.4405
2343	0.4746
2344	0.4144
2345	0.4255
2346	0.3954
2347	0.3918
2348	0.3899
2349	0.4069
2350	0.3879
2351	0.3872
2352	0.3832
2353	0.4096
2354	0.3996
2355	0.404
2356	0.4083
2357	0.419
2358	0.45
2359	0.4562
2360	0.454
2361	0.4816
2362	0.4801
2363	0.4852
2364	0.4799
2365	0.4725
2366	0.4471
2367	0.4343
2368	0.394
2369	0.3532
2370	0.3761
2371	0.3315
2372	0.3538
2373	0.3639
2374	0.375
2375	0.3817
2376	0.4141
2377	0.4237
2378	0.4237
2379	0.4304
2380	0.4299
2381	0.4304
2382	0.4517
2383	0.4538
2384	0.4863
2385	0.4524
2386	0.4299
2387	0.4299
2388	0.468
2389	0.4685
2390	0.4172
2391	0.4247
2392	0.4395
2393	0.4493
2394	0.4643
2395	0.4851
2396	0.4805
2397	0.4861
2398	0.5087
2399	0.5063
2400	0.5157
2401	0.5181
2402	0.5067
2403	0.5
2404	0.4644
2405	0.4554
2406	0.4675
2407	0.4853
2408	0.4709
2409	0.4943
2410	0.4692
2411	0.4547
2412	0.4643
2413	0.4505
2414	0.4704
2415	0.409
2416	0.3952
2417	0.3698
2418	0.3896
2419	0.3918
2420	0.3815
2421	0.3574
2422	0.3794
2423	0.3819
2424	0.404
2425	0.4009
2426	0.4182
2427	0.439
2428	0.4385
2429	0.4444
2430	0.4594
2431	0.4089
2432	0.3845
2433	0.4108
2434	0.4233
2435	0.4079
2436	0.4145
2437	0.4158
2438	0.4183
2439	0.4307
2440	0.417
2441	0.417
2442	0.4125
2443	0.4156
2444	0.4246
2445	0.3895
2446	0.3883
2447	0.4003
2448	0.3814
2449	0.37
2450	0.3392
2451	0.3494
2452	0.3661
2453	0.3796
2454	0.371
2455	0.3978
2456	0.3937
2457	0.4399
2458	0.4506
2459	0.462
2460	0.4516
2461	0.4422
2462	0.4128
2463	0.3909
2464	0.3827
2465	0.3968
2466	0.4175
2467	0.4178
2468	0.4177
2469	0.4026
2470	0.3968
2471	0.4118
2472	0.3917
2473	0.4005
2474	0.3981
2475	0.4151
2476	0.3819
2477	0.3805
2478	0.3796
2479	0.3826
2480	0.4237
2481	0.4341
2482	0.4609
2483	0.4523
2484	0.3985
2485	0.3959
2486	0.3942
2487	0.4149
2488	0.4194
2489	0.4061
2490	0.4089
2491	0.423
2492	0.4316
2493	0.3996
2494	0.4095
2495	0.4481
2496	0.4213
2497	0.3925
2498	0.4151
2499	0.3831
2500	0.3825
2501	0.3963
2502	0.4315
2503	0.4233
2504	0.4031
2505	0.4031
2506	0.4051
2507	0.414
2508	0.4019
2509	0.4234
2510	0.4432
2511	0.425
2512	0.4548
2513	0.4572
2514	0.4434
2515	0.4532
2516	0.452
2517	0.4418
2518	0.3737
2519	0.3933
2520	0.3954
2521	0.4087
2522	0.4052
2523	0.4058
2524	0.3852
2525	0.3808
2526	0.4039
2527	0.3733
2528	0.3737
2529	0.4137
2530	0.4008
2531	0.351
2532	0.3527
2533	0.3198
2534	0.3461
2535	0.3673
2536	0.3618
2537	0.3672
2538	0.4137
2539	0.4233
2540	0.4068
2541	0.4081
2542	0.3891
2543	0.4034
2544	0.4076
2545	0.4045
2546	0.4035
2547	0.4444
2548	0.4091
2549	0.4131
2550	0.4045
2551	0.4029
2552	0.3917
2553	0.3968
2554	0.3979
2555	0.3851
2556	0.3788
2557	0.3514
2558	0.3746
2559	0.3871
2560	0.3713
2561	0.3693
2562	0.3945
2563	0.4093
2564	0.3892
2565	0.4056
2566	0.4336
2567	0.459
2568	0.4355
2569	0.4328
2570	0.4446
2571	0.4854
2572	0.4675
2573	0.4579
2574	0.3987
2575	0.4114
2576	0.4036
2577	0.4057
2578	0.3865
2579	0.4098
2580	0.3997
2581	0.4139
2582	0.3612
2583	0.3763
2584	0.3648
2585	0.395
2586	0.4197
2587	0.4164
2588	0.4091
2589	0.4175
2590	0.39
2591	0.4154
2592	0.4509
2593	0.4656
2594	0.451
2595	0.4296
2596	0.4012
2597	0.3667
2598	0.4371
2599	0.4412
2600	0.4468
2601	0.4172
2602	0.4158
2603	0.41
2604	0.4094
2605	0.3902
2606	0.3944
2607	0.4246
2608	0.4226
2609	0.3948
2610	0.3897
2611	0.4121
2612	0.3964
2613	0.3951
2614	0.4008
2615	0.3862
2616	0.3917
2617	0.39
2618	0.4063
2619	0.4007
2620	0.4102
2621	0.3996
2622	0.3633
2623	0.3982
2624	0.3508
2625	0.3739
2626	0.3764
2627	0.3475
2628	0.3455
2629	0.3473
2630	0.3352
2631	0.3277
2632	0.3367
2633	0.3637
2634	0.3614
2635	0.345
2636	0.3658
2637	0.4034
2638	0.4043
2639	0.3953
2640	0.3957
2641	0.3845
2642	0.3702
2643	0.3746
2644	0.3336
2645	0.3377
2646	0.3216
2647	0.3274
2648	0.3927
2649	0.3861
2650	0.3928
2651	0.3792
2652	0.3965
2653	0.3846
2654	0.386
2655	0.4161
2656	0.4161
2657	0.4408
2658	0.4455
2659	0.5014
2660	0.4665
2661	0.4762
2662	0.457
2663	0.4809
2664	0.4735
2665	0.4623
2666	0.4539
2667	0.4429
2668	0.4424
2669	0.4328
2670	0.4445
2671	0.393
2672	0.362
2673	0.3912
2674	0.3993
2675	0.4109
2676	0.4124
2677	0.4098
2678	0.4114
2679	0.4215
2680	0.3979
2681	0.4148
2682	0.4089
2683	0.4099
2684	0.4205
2685	0.4143
2686	0.4035
2687	0.4291
2688	0.3813
2689	0.3869
2690	0.4092
2691	0.417
2692	0.4242
2693	0.413
2694	0.413
2695	0.4094
2696	0.4127
2697	0.3978
2698	0.3979
2699	0.4095
2700	0.3947
2701	0.3903
2702	0.3951
2703	0.3784
2704	0.3958
2705	0.3763
2706	0.3844
2707	0.4341
2708	0.4034
2709	0.4363
2710	0.4473
2711	0.4189
2712	0.4026
2713	0.3944
2714	0.4033
2715	0.3998
2716	0.379
2717	0.3818
2718	0.3764
2719	0.4013
2720	0.3857
2721	0.3815
2722	0.3777
2723	0.4127
2724	0.4004
2725	0.3756
2726	0.4456
2727	0.4727
2728	0.4315
2729	0.4522
2730	0.4737
2731	0.4878
2732	0.4741
2733	0.4851
2734	0.4719
2735	0.4841
2736	0.4632
2737	0.4424
2738	0.4173
2739	0.4227
2740	0.4416
2741	0.4559
2742	0.4596
2743	0.4704
2744	0.4586
2745	0.4828
2746	0.4853
2747	0.4838
2748	0.4441
2749	0.4485
2750	0.4774
2751	0.484
2752	0.4547
2753	0.4342
2754	0.459
2755	0.4587
2756	0.4541
2757	0.4566
2758	0.436
2759	0.4175
2760	0.4151
2761	0.4053
2762	0.4123
2763	0.3895
2764	0.4432
2765	0.4429
2766	0.4429
2767	0.4406
2768	0.434
2769	0.4052
2770	0.4061
2771	0.3949
2772	0.3791
2773	0.3651
2774	0.3805
2775	0.3554
2776	0.3985
2777	0.3649
2778	0.3823
2779	0.3962
2780	0.4071
2781	0.4109
2782	0.4554
2783	0.4483
2784	0.425
2785	0.4252
2786	0.408
2787	0.4003
2788	0.4325
2789	0.4473
2790	0.4591
2791	0.4287
2792	0.4286
2793	0.4564
2794	0.4644
2795	0.4738
2796	0.454
2797	0.4557
2798	0.4549
2799	0.4551
2800	0.434
2801	0.424
2802	0.4093
2803	0.4056
2804	0.383
2805	0.3858
2806	0.3858
2807	0.4228
2808	0.4084
2809	0.3829
2810	0.4118
2811	0.4029
2812	0.3689
2813	0.3915
2814	0.358
2815	0.3689
2816	0.3775
2817	0.3926
2818	0.396
2819	0.3874
2820	0.4005
2821	0.4007
2822	0.4048
2823	0.4278
2824	0.4284
2825	0.4139
2826	0.4114
2827	0.3935
2828	0.4339
2829	0.4361
2830	0.4068
2831	0.4066
2832	0.4035
2833	0.4305
2834	0.3968
2835	0.4207
2836	0.4154
2837	0.448
2838	0.436
2839	0.4442
2840	0.4039
2841	0.4321
2842	0.4727
2843	0.4694
2844	0.4563
2845	0.4413
2846	0.4413
2847	0.448
2848	0.4323
2849	0.4227
2850	0.4169
2851	0.3841
2852	0.3852
2853	0.3939
2854	0.387
2855	0.3819
2856	0.3596
2857	0.4097
2858	0.385
2859	0.4376
2860	0.4525
2861	0.416
2862	0.4215
2863	0.4215
2864	0.4188
2865	0.4064
2866	0.4123
2867	0.3991
2868	0.4075
2869	0.4054
2870	0.3983
2871	0.4181
2872	0.418
2873	0.4225
2874	0.3917
2875	0.3749
2876	0.3852
2877	0.4186
2878	0.3966
2879	0.3904
2880	0.4163
2881	0.427
2882	0.4372
2883	0.4345
2884	0.4199
2885	0.4266
2886	0.438
2887	0.4429
2888	0.4583
2889	0.4576
2890	0.4968
2891	0.5124
2892	0.5046
2893	0.5001
2894	0.499
2895	0.5014
2896	0.4904
2897	0.4802
2898	0.4662
2899	0.4467
2900	0.4336
2901	0.4507
2902	0.4415
2903	0.4468
2904	0.4639
2905	0.4479
2906	0.4575
2907	0.4827
2908	0.4951
2909	0.4898
2910	0.5193
2911	0.4991
2912	0.4816
2913	0.4661
2914	0.4622
2915	0.4723
2916	0.4927
2917	0.4727
2918	0.4523
2919	0.4209
2920	0.3842
2921	0.3988
2922	0.3428
2923	0.3748
2924	0.3943
2925	0.3942
2926	0.3819
2927	0.3894
2928	0.3896
2929	0.4007
2930	0.4265
2931	0.4434
2932	0.436
2933	0.4345
2934	0.4712
2935	0.4492
2936	0.4255
2937	0.427
2938	0.4335
2939	0.4267
2940	0.423
2941	0.4156
2942	0.4071
2943	0.4268
2944	0.4284
2945	0.4671
2946	0.4548
2947	0.4498
2948	0.437
2949	0.4075
2950	0.4212
2951	0.4349
2952	0.4463
2953	0.4423
2954	0.4305
2955	0.4277
2956	0.4359
2957	0.4285
2958	0.4353
2959	0.4273
2960	0.4262
2961	0.4496
2962	0.4605
2963	0.4632
2964	0.4302
2965	0.4266
2966	0.4414
2967	0.4065
2968	0.4065
2969	0.3962
2970	0.4003
2971	0.3914
2972	0.4164
2973	0.4565
2974	0.4734
2975	0.5001
2976	0.492
2977	0.4964
2978	0.4585
2979	0.4301
2980	0.4827
2981	0.4425
2982	0.4301
2983	0.4163
2984	0.4148
2985	0.4061
2986	0.413
2987	0.4071
2988	0.4176
2989	0.4491
2990	0.4442
2991	0.436
2992	0.4362
2993	0.433
2994	0.423
2995	0.4107
2996	0.3997
2997	0.4075
2998	0.4013
2999	0.4143
3000	0.402
2001	-0.83
2002	-0.4376
2003	-0.4926
2004	-0.2103
2005	-0.4531
2006	-0.7308
2007	-0.1826
2008	-0.5891
2009	-0.5164
2010	-0.2102
2011	-0.853
2012	-0.03461
2013	-0.4805
2014	-0.7553
2015	-0.4727
2016	-0.465
2017	-0.2679
2018	-0.3882
2019	-0.2391
2020	-0.6628
2021	-0.7766
2022	-0.2909
2023	-0.09986
2024	-0.6273
2025	-0.5858
2026	-0.6483
2027	-0.4946
2028	-1.164
2029	-0.7107
2030	-0.2976
2031	-0.2168
2032	-0.3045
2033	-0.5822
2034	-0.5822
2035	-0.6007
2036	-0.4239
2037	-0.05146
2038	-0.3596
2039	-0.8087
2040	-0.3885
2041	-0.3685
2042	-0.3093
2043	-0.4521
2044	-0.6241
2045	-0.7047
2046	-0.3837
2047	-0.6201
2048	-0.6457
2049	-0.6758
2050	-0.9539
2051	-0.4572
2052	-0.5649
2053	-0.5934
2054	-0.6431
2055	-0.6037
2056	-0.1735
2057	-0.3113
2058	-0.5005
2059	-0.388
2060	-0.1154
2061	-0.1971
2062	-0.7574
2063	-0.5048
2064	-0.4325
2065	-0.2556
2066	-0.5371
2067	-0.6341
2068	-0.3272
2069	-0.1846
2070	-0.8123
2071	-0.3306
2072	-0.6002
2073	-0.3789
2074	-0.3317
2075	-0.1842
2076	-0.5109
2077	-0.3473
2078	-0.6975
2079	-0.4148
2080	-0.2056
2081	-0.5421
2082	-0.5421
2083	-0.1781
2084	0.01275
2085	-0.5935
2086	-0.4175
2087	-0.2182
2088	-0.8941
2089	-0.6103
2090	-0.8084
2091	-0.4266
2092	-0.2754
2093	-0.4694
2094	-0.2758
2095	-0.7573
2096	-0.6416
2097	-0.6209
2098	-0.505
2099	-0.2949
2100	-0.4113
2101	-0.8133
2102	-0.4875
2103	-0.1486
2104	-0.6012
2105	-0.8184
2106	-0.8363
2107	-0.6068
2108	-0.5865
2109	-0.5441
2110	-0.5233
2111	-0.6255
2112	-0.5781
2113	-0.3427
2114	-0.2185
2115	-0.7082
2116	-0.6859
2117	-0.8811
2118	-0.8558
2119	-1.055
2120	-0.4285
2121	-0.4035
2122	-0.8776
2123	-0.7054
2124	-0.8873
2125	-0.5671
2126	-0.6244
2127	-0.6624
2128	-0.4074
2129	-0.4779
2130	-0.5845
2131	-0.5443
2132	-0.714
2133	-0.714
2134	-0.5974
2135	-0.5104
2136	-0.3173
2137	-0.7344
2138	-0.6696
2139	-0.7979
2140	-0.6967
2141	-0.6118
2142	-0.5143
2143	-0.2764
2144	-0.6342
2145	-0.8535
2146	-1.024
2147	-0.3492
2148	-0.3945
2149	-0.2128
2150	-0.5844
2151	-0.3964
2152	-0.5818
2153	-0.7989
2154	-0.5049
2155	-0.2611
2156	-0.7872
2157	-0.9734
2158	-0.3682
2159	-0.5156
2160	-0.3841
2161	-0.4182
2162	-0.4411
2163	-0.564
2164	-0.5629
2165	-0.9815
2166	-1.086
2167	-0.2187
2168	-0.5307
2169	-0.5579
2170	-0.3972
2171	-0.538
2172	-0.5016
2173	-0.3729
2174	-0.2042
2175	-0.518
2176	-0.3528
2177	-0.3746
2178	-0.614
2179	-0.6598
2180	-0.6598
2181	-0.6478
2182	-0.4961
2183	-0.4961
2184	-0.9824
2185	-0.5161
2186	-0.8498
2187	-0.5996
2188	-0.7562
2189	-0.5634
2190	-0.6105
2191	-0.3769
2192	-0.3769
2193	-0.4333
2194	-0.2248
2195	-0.1003
2196	-0.8242
2197	-0.4488
2198	-0.358
2199	-0.4538
2200	-0.3082
2201	-0.1472
2202	-0.2752
2203	-0.7261
2204	-0.7682
2205	-0.6738
2206	-0.5614
2207	-0.6977
2208	-0.449
2209	-0.09792
2210	-0.6244
2211	-0.3607
2212	-0.3786
2213	-0.3055
2214	-0.4867
2215	-0.4867
2216	-0.5772
2217	-0.4642
2218	-0.4642
2219	-0.6558
2220	-0.7422
2221	-0.4972
2222	-0.7244
2223	-0.4899
2224	-0.5386
2225	-0.5199
2226	-0.3465
2227	-0.7489
2228	-0.1525
2229	-0.2901
2230	-0.6702
2231	-0.6843
2232	0.06818
2233	-0.003495
2234	-0.6778
2235	-0.9003
2236	-0.5742
2237	-1.019
2238	-0.752
2239	-0.725
2240	-0.02987
2241	-0.4046
2242	-0.2656
2243	-0.2208
2244	-0.5758
2245	-0.3909
2246	-0.8401
2247	-0.6341
2248	-0.6341
2249	-0.8555
2250	-0.7326
2251	-0.6681
2252	-0.4876
2253	-0.2413
2254	-0.4483
2255	-0.9223
2256	-0.7685
2257	-0.7065
2258	-0.1929
2259	-0.4907
2260	-0.7385
2261	-0.3341
2262	-0.1188
2263	-0.3635
2264	-0.8282
2265	-0.8882
2266	-0.6638
2267	-0.7934
2268	-0.8973
2269	-0.7158
2270	-0.7387
2271	-0.3298
2272	-0.4133
2273	-0.422
2274	-0.5276
2275	-0.2305
2276	-0.4456
2277	-0.3702
2278	-0.5123
2279	-0.5062
2280	-0.6534
2281	-0.2443
2282	-0.8359
2283	-0.4361
2284	-0.4826
2285	-0.3713
2286	-0.4388
2287	-0.4425
2288	-0.4453
2289	-0.526
2290	-0.7602
2291	-0.4896
2292	-0.3531
2293	-0.5005
2294	-0.3768
2295	-0.4463
2296	-0.1326
2297	-0.8419
2298	-0.4579
2299	-0.2177
2300	-0.3661
2301	-0.5933
2302	-0.3319
2303	-0.8503
2304	-0.6121
2305	-0.6393
2306	-0.3609
2307	-0.7067
2308	-0.3002
2309	-0.6738
2310	-0.5791
2311	-0.4625
2312	-0.1205
2313	-0.4333
2314	-0.2958
2315	-0.598
2316	-0.8264
2317	-0.6708
2318	-0.3287
2319	-0.04071
2320	-0.5848
2321	-0.7307
2322	-0.3
2323	5.908E-4
2324	-0.4559
2325	-0.2974
2326	-0.7176
2327	-0.2961
2328	-0.3011
2329	-0.4576
2330	-0.8048
2331	-0.9331
2332	-0.4189
2333	-0.5387
2334	-0.4787
2335	-0.7832
2336	-0.373
2337	-0.3813
2338	-0.7288
2339	-0.6519
2340	-0.3351
2341	0.01414
2342	0.01414
2343	-0.3929
2344	-0.8182
2345	-0.784
2346	-0.335
2347	-0.3933
2348	-0.3933
2349	-0.4056
2350	-0.4585
2351	-0.1089
2352	-0.6749
2353	-0.826
2354	-0.6132
2355	-0.8282
2356	-0.7419
2357	-0.8794
2358	-0.7721
2359	-1.039
2360	-0.6267
2361	-0.7317
2362	-0.2539
2363	-0.2581
2364	-0.8796
2365	-0.3455
2366	-0.1269
2367	-0.4771
2368	-0.3421
2369	-0.4554
2370	-0.4554
2371	-0.1993
2372	-0.644
2373	-0.3192
2374	-0.2953
2375	-0.4474
2376	-0.6648
2377	-0.4432
2378	-0.3813
2379	-0.5686
2380	-0.6641
2381	-0.3946
2382	-0.6732
2383	-0.2693
2384	-0.6085
2385	-0.6602
2386	-0.4482
2387	-0.5777
2388	-0.5882
2389	-0.4905
2390	-0.4656
2391	-0.462
2392	-0.6583
2393	-0.5361
2394	-0.4746
2395	-0.6842
2396	-0.5802
2397	0.1771
2398	-0.5461
2399	-0.4337
2400	-0.5351
2401	-0.8172
2402	-0.9225
2403	-0.6396
2404	-0.3541
2405	-0.3541
2406	-0.4924
2407	-0.8496
2408	-0.4941
2409	-0.8344
2410	-0.2791
2411	-0.4183
2412	-0.336
2413	-0.7863
2414	-0.3428
2415	-0.3203
2416	-0.5329
2417	-0.7359
2418	-0.2263
2419	-0.6074
2420	-0.6109
2421	-0.8504
2422	-0.4902
2423	-0.5621
2424	-0.7018
2425	-0.7945
2426	-0.8485
2427	-0.3253
2428	-0.5469
2429	-0.9707
2430	-0.4092
2431	-0.3097
2432	-0.6603
2433	-0.5038
2434	-0.5038
2435	-0.5213
2436	-0.1586
2437	-0.3748
2438	-0.7015
2439	-0.8254
2440	-0.8575
2441	-0.7486
2442	-0.5465
2443	-0.8357
2444	-0.8365
2445	-0.5452
2446	-0.5853
2447	-0.573
2448	-0.6411
2449	-0.993
2450	-0.7152
2451	-0.5047
2452	-0.7536
2453	-0.2128
2454	-0.3495
2455	-0.4055
2456	-0.8164
2457	-0.5798
2458	-0.5486
2459	-0.3351
2460	-0.129
2461	-0.5416
2462	-0.5127
2463	-0.4167
2464	-0.6292
2465	-0.4304
2466	-0.2519
2467	-0.553
2468	-0.3844
2469	-0.6057
2470	-0.5049
2471	-0.3912
2472	-0.1588
2473	-0.3625
2474	-0.3562
2475	-0.8378
2476	-0.4676
2477	-0.5658
2478	-0.5796
2479	-0.2539
2480	-0.6715
2481	-0.5963
2482	-0.664
2483	-0.65
2484	-0.302
2485	-0.4463
2486	-0.6536
2487	-0.2858
2488	-0.5618
2489	-0.5186
2490	-0.5269
2491	-0.4622
2492	-0.6177
2493	-0.2608
2494	-0.6081
2495	-0.6366
2496	-0.291
2497	-0.4198
2498	-0.2914
2499	-0.6631
2500	-0.6288
2501	-0.7035
2502	-0.553
2503	-0.5258
2504	-0.2515
2505	-0.7266
2506	-0.7747
2507	-0.1331
2508	-0.5194
2509	-0.0836
2510	-0.2478
2511	-0.2031
2512	-0.8487
2513	-0.3703
2514	-0.2601
2515	-0.3369
2516	-0.5287
2517	-0.2693
2518	-0.4562
2519	-0.4913
2520	-0.579
2521	-0.1806
2522	-0.2937
2523	-0.2547
2524	-0.2299
2525	-0.07382
2526	-0.6032
2527	-0.6116
2528	-0.7036
2529	-0.3194
2530	-0.5484
2531	-0.769
2532	-0.6808
2533	0.0362
2534	-0.07131
2535	-0.6544
2536	-0.5407
2537	-0.4979
2538	-0.3888
2539	-0.5922
2540	-0.6977
2541	-0.5564
2542	-0.409
2543	-0.08214
2544	-0.5128
2545	-0.5622
2546	-0.8875
2547	-0.4907
2548	-0.317
2549	-0.5391
2550	-0.2333
2551	-0.1741
2552	-0.483
2553	-0.8702
2554	-0.909
2555	-0.7524
2556	-0.4155
2557	-0.3244
2558	-0.7124
2559	-0.6759
2560	-0.2761
2561	-0.8028
2562	-0.8646
2563	-0.6532
2564	-0.5935
2565	-0.3793
2566	-0.8423
2567	-0.6409
2568	-0.7031
2569	-0.4588
2570	-0.2202
2571	-0.3512
2572	-0.5281
2573	-0.1884
2574	-0.4759
2575	-0.4106
2576	-0.8808
2577	-0.9051
2578	-0.3396
2579	-0.8143
2580	-1.041
2581	-0.8424
2582	-0.8424
2583	-0.75
2584	-0.8463
2585	-0.4011
2586	-0.4887
2587	-0.7028
2588	-0.634
2589	-0.6047
2590	-0.5893
2591	-0.8534
2592	-0.7172
2593	-0.3416
2594	-0.1672
2595	-0.3809
2596	-0.098
2597	-0.2956
2598	-0.1935
2599	-0.2488
2600	-0.1758
2601	-0.1823
2602	-0.3485
2603	-0.4889
2604	-0.2689
2605	-0.4164
2606	-0.4534
2607	-0.9159
2608	-0.8605
2609	-0.5549
2610	-0.4958
2611	-0.3778
2612	-0.7025
2613	-0.2851
2614	-0.2551
2615	-0.4306
2616	-0.3683
2617	-0.7375
2618	-0.4322
2619	-0.4322
2620	-0.6345
2621	-0.7499
2622	-0.3904
2623	-0.4959
2624	-0.2519
2625	-0.3209
2626	-0.4607
2627	-0.6117
2628	-0.728
2629	-0.519
2630	-0.519
2631	-0.1504
2632	-0.2065
2633	-0.617
2634	-0.6243
2635	-0.7952
2636	-0.604
2637	-0.9156
2638	-0.428
2639	-0.5446
2640	-0.3029
2641	-0.6544
2642	-0.6178
2643	-0.6124
2644	-0.5221
2645	-0.8416
2646	-0.9089
2647	-0.473
2648	-0.4807
2649	-0.8839
2650	-1.093
2651	-0.5205
2652	-0.6065
2653	-0.2174
2654	-0.4398
2655	-0.7601
2656	-0.3588
2657	-0.148
2658	-0.7681
2659	-0.4978
2660	-0.1792
2661	-0.3108
2662	-0.8028
2663	-0.6859
2664	-0.4942
2665	-0.5872
2666	-0.5243
2667	-0.6331
2668	-0.1993
2669	-0.8451
2670	-0.6567
2671	-0.01799
2672	-0.4515
2673	-0.3877
2674	-0.6443
2675	-0.6055
2676	-0.08799
2677	-0.1692
2678	-0.4796
2679	-0.4758
2680	-0.2462
2681	-0.292
2682	-0.2613
2683	-0.3376
2684	-0.5716
2685	-0.8
2686	-0.4387
2687	-0.6912
2688	-0.2997
2689	-0.4865
2690	-0.7089
2691	-0.5899
2692	-0.672
2693	-0.4827
2694	-0.7698
2695	-0.8595
2696	-1.108
2697	-0.8227
2698	-0.6859
2699	-0.3332
2700	-0.3962
2701	-0.6179
2702	-0.9521
2703	-0.3564
2704	-0.5343
2705	-0.622
2706	-0.6699
2707	-0.4629
2708	-0.3424
2709	-0.439
2710	-0.3359
2711	-0.473
2712	-0.3267
2713	-0.2168
2714	-0.3266
2715	-0.3041
2716	-0.4827
2717	-0.6325
2718	-0.6325
2719	-0.3197
2720	-0.395
2721	-0.613
2722	-0.4751
2723	-0.6881
2724	-0.8797
2725	-0.5422
2726	-0.5073
2727	-0.2829
2728	-0.5947
2729	-0.5162
2730	-0.8369
2731	-0.7173
2732	-0.7173
2733	-0.8971
2734	-0.278
2735	-0.712
2736	-0.2396
2737	-0.5918
2738	-0.6436
2739	-0.9756
2740	-0.4326
2741	-0.6783
2742	-0.5889
2743	-0.5492
2744	-0.6901
2745	-0.3307
2746	-0.3823
2747	-0.3895
2748	-0.6711
2749	-0.4884
2750	-0.5316
2751	-0.6365
2752	-0.8936
2753	-0.5333
2754	-0.3869
2755	-0.5896
2756	-0.5796
2757	-0.8464
2758	-0.6773
2759	-0.6662
2760	-0.4478
2761	-0.4948
2762	-0.4202
2763	-0.6019
2764	-0.6728
2765	-0.8225
2766	-0.7066
2767	-0.6243
2768	-0.7685
2769	-0.6214
2770	-0.3101
2771	-0.319
2772	-0.6404
2773	-0.6454
2774	-0.8073
2775	-0.3452
2776	-0.3189
2777	-0.1894
2778	-0.4961
2779	-0.5042
2780	0.01452
2781	-0.4728
2782	-0.5974
2783	-0.1979
2784	-0.2449
2785	-0.8065
2786	-0.6545
2787	-0.3527
2788	-0.6019
2789	-0.2202
2790	-0.7384
2791	-0.4777
2792	-0.6686
2793	-0.5471
2794	-0.4896
2795	-0.3613
2796	-0.3227
2797	-0.2535
2798	-0.2226
2799	-0.1891
2800	-0.2814
2801	-0.05318
2802	-0.7421
2803	-0.5331
2804	-0.2784
2805	-0.6028
2806	-0.6126
2807	-0.5851
2808	-0.5022
2809	-0.5693
2810	-0.6347
2811	-0.7216
2812	-0.3791
2813	-0.4599
2814	-0.3123
2815	-0.7711
2816	-0.5708
2817	-0.6154
2818	0.1323
2819	-0.826
2820	0.2265
2821	-0.7272
2822	-0.5465
2823	-0.6099
2824	-0.7938
2825	-0.1724
2826	-0.2638
2827	-0.3411
2828	-0.8519
2829	-0.6739
2830	-0.8703
2831	-0.6578
2832	-0.5477
2833	-0.4742
2834	-0.2148
2835	-0.9378
2836	-0.76
2837	-0.6909
2838	-0.7883
2839	-0.6053
2840	-0.4288
2841	-0.3119
2842	-0.3748
2843	-0.7903
2844	-0.7884
2845	-0.364
2846	-0.03296
2847	-0.6457
2848	-0.3714
2849	-0.03005
2850	-0.4141
2851	-0.5402
2852	-0.4623
2853	-0.5021
2854	-0.6881
2855	-0.6267
2856	-0.3394
2857	-0.5298
2858	-0.5298
2859	-0.4471
2860	-0.3127
2861	-0.5747
2862	-0.6916
2863	-0.2911
2864	-0.3274
2865	-0.7701
2866	-0.6453
2867	-0.8318
2868	-0.6891
2869	-0.7545
2870	-0.5439
2871	-0.4167
2872	-0.5038
2873	-0.3816
2874	-0.4136
2875	-0.3141
2876	0.0646
2877	-0.5587
2878	-0.5705
2879	-0.5394
2880	-0.545
2881	-0.1538
2882	-0.3484
2883	-0.338
2884	-0.6222
2885	-0.7008
2886	-0.6534
2887	-0.5787
2888	-0.6019
2889	-0.8721
2890	-0.6994
2891	-0.5818
2892	-0.8674
2893	-0.6542
2894	-0.5853
2895	-0.6904
2896	-0.6766
2897	-0.5374
2898	-0.5473
2899	-0.25
2900	-0.4939
2901	-0.5235
2902	-0.2758
2903	-0.2458
2904	-0.6223
2905	-0.4206
2906	-0.4753
2907	-0.585
2908	-0.279
2909	-0.9245
2910	0.03807
2911	-0.7252
2912	-0.6047
2913	-0.4541
2914	-0.6811
2915	-0.6591
2916	-0.4569
2917	-0.5182
2918	-0.4782
2919	-0.2599
2920	-0.7308
2921	-0.4439
2922	-0.4458
2923	-0.8549
2924	-0.6129
2925	0.05843
2926	-0.7773
2927	-0.3872
2928	-0.1551
2929	-0.5201
2930	-0.6061
2931	-0.6061
2932	-0.4427
2933	-0.3002
2934	-0.5949
2935	-0.5639
2936	-0.5376
2937	-0.6844
2938	-0.2778
2939	-0.5042
2940	-0.4702
2941	-0.7825
2942	-0.8323
2943	-0.6409
2944	-0.6202
2945	-0.7243
2946	-0.7243
2947	-0.3102
2948	-0.5394
2949	-0.9049
2950	-0.4984
2951	-0.7337
2952	-0.5919
2953	-0.8672
2954	-0.6425
2955	-0.3405
2956	-0.187
2957	-0.3468
2958	-0.4393
2959	-0.5989
2960	-0.5449
2961	-0.5131
2962	-0.3403
2963	-0.8173
2964	-0.6174
2965	-0.675
2966	-0.7316
2967	-0.7337
2968	-0.2964
2969	-0.6186
2970	-0.5846
2971	-0.6642
2972	-0.6341
2973	-0.4284
2974	-0.3909
2975	-0.4206
2976	-0.6248
2977	-0.3094
2978	-0.4665
2979	-0.4145
2980	-0.4337
2981	-0.3589
2982	-0.5812
2983	-0.6262
2984	-0.4479
2985	-0.6347
2986	-0.3822
2987	-0.3822
2988	-0.3491
2989	-0.7836
2990	-0.7836
2991	-0.2566
2992	-0.8535
2993	-0.5173
2994	-0.7682
2995	-0.2656
2996	-0.6472
2997	-0.4053
2998	-0.6196
2999	-0.3279
3000	-0.6174
2001	2.207
2002	1.907
2003	2.026
2004	2.575
2005	2.304
2006	2.564
2007	2.183
2008	1.481
2009	1.825
2010	1.891
2011	1.917
2012	1.843
2013	2.203
2014	2.03
2015	3.088
2016	3.082
2017	2.442
2018	2.04
2019	1.634
2020	2.09
2021	2.51
2022	2.055
2023	2.064
2024	1.622
2025	1.941
2026	1.377
2027	2.355
2028	2.054
2029	2.054
2030	2.127
2031	2.228
2032	2.232
2033	2.151
2034	2.402
2035	2.018
2036	2.274
2037	2.169
2038	2.169
2039	2.256
2040	2.039
2041	2.094
2042	1.238
2043	1.911
2044	2.178
2045	2.299
2046	2.375
2047	1.395
2048	2.21
2049	1.727
2050	1.855
2051	1.609
2052	2.9
2053	2.119
2054	2.446
2055	1.682
2056	1.795
2057	1.795
2058	1.886
2059	2.043
2060	2.034
2061	2.697
2062	1.993
2063	1.724
2064	2.044
2065	2.024
2066	1.827
2067	1.544
2068	2.28
2069	2.318
2070	2.487
2071	1.483
2072	1.653
2073	1.653
2074	1.964
2075	1.964
2076	1.667
2077	2.572
2078	2.34
2079	2.295
2080	2.29
2081	1.785
2082	1.575
2083	2.376
2084	0.842
2085	1.768
2086	1.32
2087	1.662
2088	2.271
2089	2.177
2090	1.512
2091	1.493
2092	1.905
2093	1.888
2094	1.821
2095	1.831
2096	1.627
2097	1.627
2098	1.65
2099	1.65
2100	2.497
2101	2.051
2102	1.778
2103	1.019
2104	2.405
2105	1.613
2106	2.384
2107	2.03
2108	2.093
2109	2.093
2110	1.731
2111	1.772
2112	2.473
2113	1.923
2114	1.964
2115	1.947
2116	2.263
2117	1.933
2118	3.124
2119	2.544
2120	2.977
2121	2.243
2122	1.951
2123	2.023
2124	2.593
2125	1.746
2126	1.419
2127	2.491
2128	2.448
2129	2.146
2130	2.447
2131	1.971
2132	1.662
2133	2.38
2134	2.157
2135	2.915
2136	2.702
2137	3.141
2138	2.594
2139	2.168
2140	2.393
2141	2.317
2142	2.006
2143	1.561
2144	1.42
2145	1.829
2146	1.829
2147	2.153
2148	2.483
2149	2.087
2150	2.087
2151	1.989
2152	1.932
2153	2.203
2154	2.241
2155	1.594
2156	2.33
2157	2.65
2158	2.254
2159	2.254
2160	2.331
2161	1.883
2162	2.079
2163	1.831
2164	1.68
2165	2.017
2166	2.396
2167	2.551
2168	1.782
2169	2.033
2170	2.368
2171	2.474
2172	2.274
2173	1.763
2174	1.962
2175	1.754
2176	1.729
2177	1.759
2178	1.865
2179	2.293
2180	2.091
2181	1.899
2182	2.089
2183	2.595
2184	2.716
2185	2.757
2186	2.613
2187	2.584
2188	2.581
2189	2.241
2190	2.348
2191	2.802
2192	1.466
2193	1.582
2194	2.075
2195	2.417
2196	2.463
2197	2.638
2198	2.11
2199	1.54
2200	1.598
2201	2.508
2202	2.261
2203	2.313
2204	2.279
2205	2.034
2206	2.474
2207	2.992
2208	2.845
2209	2.845
2210	2.714
2211	2.485
2212	1.769
2213	1.841
2214	1.841
2215	1.777
2216	2.252
2217	1.698
2218	1.496
2219	2.694
2220	2.141
2221	2.009
2222	1.642
2223	2.715
2224	2.482
2225	1.753
2226	1.382
2227	1.703
2228	1.744
2229	2.209
2230	2.432
2231	2.147
2232	2.223
2233	2.735
2234	2.662
2235	2.331
2236	2.433
2237	2.053
2238	1.905
2239	1.723
2240	2.553
2241	2.042
2242	2.585
2243	2.199
2244	2.212
2245	2.039
2246	2.3
2247	2.17
2248	2.17
2249	2.069
2250	2.129
2251	2.482
2252	3.455
2253	2.355
2254	2.258
2255	2.484
2256	2.164
2257	2.215
2258	1.684
2259	2.102
2260	2.36
2261	1.885
2262	1.811
2263	2.268
2264	2.35
2265	2.417
2266	1.708
2267	2.563
2268	2.311
2269	2.306
2270	2.213
2271	1.456
2272	2.189
2273	2.342
2274	1.631
2275	1.542
2276	2.528
2277	2.598
2278	1.847
2279	1.822
2280	1.971
2281	2.074
2282	2.249
2283	2.284
2284	1.767
2285	3.01
2286	2.854
2287	2.456
2288	2.435
2289	1.994
2290	1.722
2291	1.71
2292	2.17
2293	1.919
2294	2.04
2295	1.969
2296	2.511
2297	1.979
2298	1.75
2299	2.854
2300	2.196
2301	2.003
2302	2.115
2303	2.176
2304	2.297
2305	1.531
2306	1.889
2307	1.648
2308	1.415
2309	1.544
2310	1.797
2311	1.999
2312	1.773
2313	1.663
2314	2.132
2315	2.094
2316	2.053
2317	2.053
2318	2.707
2319	1.956
2320	1.835
2321	1.863
2322	2.071
2323	1.714
2324	1.613
2325	1.693
2326	1.826
2327	1.802
2328	1.677
2329	1.854
2330	1.653
2331	2.025
2332	2.042
2333	1.777
2334	2.057
2335	1.572
2336	1.88
2337	2.202
2338	1.838
2339	1.594
2340	1.849
2341	1.384
2342	2.085
2343	1.229
2344	1.52
2345	1.992
2346	3.1
2347	2.319
2348	1.52
2349	1.511
2350	1.816
2351	2.727
2352	2.67
2353	2.008
2354	1.885
2355	2.033
2356	1.55
2357	2.168
2358	2.396
2359	2.146
2360	2.668
2361	1.891
2362	2.32
2363	2.29
2364	2.336
2365	2.156
2366	1.986
2367	2.131
2368	1.438
2369	1.438
2370	1.836
2371	2.116
2372	1.591
2373	2.501
2374	2.962
2375	2.951
2376	2.434
2377	2.076
2378	1.483
2379	1.987
2380	2.459
2381	1.885
2382	1.885
2383	1.772
2384	2.424
2385	2.424
2386	2.424
2387	1.813
2388	2.671
2389	2.104
2390	2.641
2391	1.632
2392	1.639
2393	1.582
2394	2.52
2395	2.17
2396	1.885
2397	2.264
2398	2.413
2399	1.308
2400	2.195
2401	1.518
2402	1.553
2403	1.553
2404	2.231
2405	1.753
2406	1.746
2407	1.694
2408	1.889
2409	1.618
2410	2.054
2411	1.821
2412	1.893
2413	1.999
2414	2.29
2415	2.254
2416	2.244
2417	2.457
2418	2.804
2419	2.352
2420	2.555
2421	2.273
2422	2.016
2423	2.107
2424	1.765
2425	2.114
2426	2.683
2427	2.093
2428	2.917
2429	2.351
2430	1.581
2431	2.257
2432	2.729
2433	2.414
2434	1.588
2435	1.783
2436	1.721
2437	1.5
2438	1.872
2439	2.028
2440	1.629
2441	1.758
2442	2.046
2443	2.064
2444	1.642
2445	1.539
2446	1.752
2447	2.155
2448	1.971
2449	2.735
2450	1.946
2451	1.943
2452	1.75
2453	1.731
2454	1.781
2455	2.02
2456	2.493
2457	1.887
2458	1.693
2459	1.693
2460	2.096
2461	2.031
2462	1.761
2463	2.25
2464	2.25
2465	2.25
2466	2.336
2467	2.517
2468	2.367
2469	2.445
2470	2.15
2471	2.068
2472	1.979
2473	1.565
2474	1.591
2475	2.491
2476	1.971
2477	1.973
2478	2.389
2479	2.451
2480	2.457
2481	2.672
2482	2.128
2483	2.175
2484	2.253
2485	2.374
2486	2.836
2487	1.799
2488	1.627
2489	2.041
2490	1.781
2491	1.519
2492	1.519
2493	1.777
2494	2.191
2495	2.094
2496	1.892
2497	1.793
2498	2.177
2499	2.268
2500	1.857
2501	1.9
2502	1.765
2503	1.803
2504	1.851
2505	2.529
2506	3.021
2507	2.474
2508	2.348
2509	2.85
2510	1.839
2511	2.39
2512	2.769
2513	2.614
2514	2.197
2515	2.268
2516	2.13
2517	2.076
2518	1.189
2519	1.63
2520	2.9
2521	2.142
2522	1.533
2523	1.958
2524	1.992
2525	2.06
2526	1.588
2527	1.828
2528	2.463
2529	2.244
2530	2.018
2531	2.175
2532	2.797
2533	2.971
2534	2.514
2535	1.782
2536	1.795
2537	1.997
2538	2.308
2539	1.977
2540	1.911
2541	2.034
2542	2.002
2543	2.28
2544	1.666
2545	1.643
2546	1.643
2547	1.643
2548	1.265
2549	1.485
2550	1.98
2551	1.945
2552	1.877
2553	2.163
2554	2.896
2555	2.332
2556	2.332
2557	1.931
2558	3.717
2559	2.566
2560	1.377
2561	1.997
2562	2.27
2563	1.895
2564	1.698
2565	1.598
2566	1.851
2567	1.824
2568	1.61
2569	1.766
2570	1.833
2571	1.534
2572	1.416
2573	2.868
2574	2.685
2575	2.752
2576	2.382
2577	2.423
2578	2.345
2579	1.821
2580	2.106
2581	1.889
2582	1.434
2583	1.788
2584	2.083
2585	1.458
2586	1.458
2587	1.918
2588	2.447
2589	1.67
2590	1.719
2591	2.178
2592	1.31
2593	1.3
2594	1.367
2595	2.29
2596	2.315
2597	2.76
2598	2.157
2599	2.256
2600	2.294
2601	2.526
2602	2.503
2603	2.44
2604	2.316
2605	2.134
2606	2.641
2607	2.733
2608	2.26
2609	2.337
2610	2.382
2611	2.025
2612	2.245
2613	1.557
2614	2.169
2615	1.47
2616	2.033
2617	2.017
2618	1.972
2619	1.455
2620	2.439
2621	2.006
2622	2.327
2623	2.901
2624	1.96
2625	1.912
2626	2.229
2627	3.009
2628	1.783
2629	1.636
2630	1.832
2631	1.952
2632	1.762
2633	1.681
2634	1.878
2635	2.098
2636	2.083
2637	2.276
2638	2.2
2639	1.809
2640	1.974
2641	1.485
2642	2.247
2643	2.622
2644	1.69
2645	2.226
2646	2.155
2647	2.533
2648	2.091
2649	2.417
2650	2.813
2651	2.293
2652	1.64
2653	1.64
2654	2.076
2655	1.907
2656	2.334
2657	1.734
2658	2.365
2659	1.458
2660	1.219
2661	1.988
2662	2.244
2663	1.892
2664	1.349
2665	2.267
2666	2.312
2667	2.455
2668	3.45
2669	2.823
2670	2.313
2671	2.126
2672	2.255
2673	1.65
2674	1.419
2675	2.23
2676	2.079
2677	1.923
2678	2.198
2679	2.307
2680	2.09
2681	2.338
2682	2.471
2683	2.242
2684	2.351
2685	2.351
2686	2.441
2687	2.441
2688	1.958
2689	2.444
2690	2.197
2691	2.791
2692	2.518
2693	1.971
2694	2.346
2695	2.445
2696	2.003
2697	1.455
2698	1.904
2699	1.662
2700	2.939
2701	2.384
2702	2.468
2703	1.571
2704	1.274
2705	1.293
2706	2.03
2707	2.196
2708	2.039
2709	1.859
2710	2.134
2711	2.227
2712	2.561
2713	2.032
2714	2.093
2715	1.965
2716	2.037
2717	1.919
2718	1.919
2719	1.735
2720	1.619
2721	1.701
2722	2.479
2723	2.032
2724	2.271
2725	2.227
2726	1.543
2727	2.324
2728	2.537
2729	2.383
2730	1.946
2731	1.946
2732	1.812
2733	2.058
2734	1.687
2735	1.884
2736	1.818
2737	1.719
2738	2.136
2739	2.324
2740	2.295
2741	2.509
2742	2.11
2743	2.626
2744	2.448
2745	1.554
2746	1.544
2747	1.626
2748	2.388
2749	2.654
2750	2.107
2751	2.324
2752	1.891
2753	2.156
2754	1.762
2755	2.633
2756	2.265
2757	1.763
2758	2.026
2759	2.048
2760	2.213
2761	2.522
2762	2.448
2763	2.286
2764	2.095
2765	1.996
2766	2.216
2767	1.68
2768	2.26
2769	2.209
2770	2.246
2771	1.98
2772	2.637
2773	2.966
2774	2.227
2775	2.153
2776	2.129
2777	1.763
2778	1.925
2779	1.983
2780	2.57
2781	2.498
2782	1.708
2783	2.081
2784	2.254
2785	1.688
2786	2.021
2787	2.308
2788	2.017
2789	1.923
2790	1.906
2791	2.605
2792	2.345
2793	2.254
2794	2.033
2795	1.655
2796	1.371
2797	1.343
2798	1.415
2799	1.098
2800	1.675
2801	1.974
2802	2.632
2803	1.709
2804	1.544
2805	2.311
2806	2.892
2807	1.751
2808	1.284
2809	2.545
2810	2.457
2811	2.655
2812	2.34
2813	1.896
2814	2.272
2815	1.218
2816	1.587
2817	1.579
2818	2.681
2819	2.629
2820	2.863
2821	2.186
2822	2.203
2823	1.677
2824	1.708
2825	2.318
2826	1.74
2827	1.874
2828	2.172
2829	1.441
2830	1.968
2831	2.334
2832	2.149
2833	1.495
2834	2.201
2835	2.016
2836	1.834
2837	2.076
2838	1.934
2839	2.044
2840	2.416
2841	2.128
2842	1.711
2843	1.711
2844	1.995
2845	1.938
2846	1.999
2847	2.185
2848	2.493
2849	1.509
2850	1.769
2851	1.769
2852	1.755
2853	2.164
2854	2.444
2855	2.413
2856	2.207
2857	2.147
2858	3.147
2859	2.317
2860	2.431
2861	2.5
2862	3.159
2863	2.614
2864	1.707
2865	2.414
2866	2.35
2867	2.746
2868	2.279
2869	2.271
2870	1.954
2871	1.299
2872	1.652
2873	2.405
2874	2.085
2875	2.076
2876	2.122
2877	2.122
2878	2.554
2879	2.154
2880	2.196
2881	2.196
2882	2.017
2883	2.725
2884	1.765
2885	2.251
2886	2.27
2887	2.117
2888	2.473
2889	2.51
2890	2.605
2891	2.377
2892	2.22
2893	1.846
2894	1.607
2895	1.81
2896	2.067
2897	3.199
2898	2.88
2899	2.614
2900	2.829
2901	2.59
2902	2.814
2903	2.537
2904	1.697
2905	1.279
2906	1.695
2907	1.489
2908	1.997
2909	2.661
2910	2.185
2911	2.689
2912	2.411
2913	2.102
2914	1.949
2915	2.043
2916	2.302
2917	2.637
2918	1.85
2919	2.087
2920	2.023
2921	2.291
2922	2.478
2923	2.103
2924	2.103
2925	3.258
2926	3.036
2927	1.704
2928	2.095
2929	1.482
2930	1.522
2931	2.081
2932	2.081
2933	2.081
2934	1.524
2935	2.387
2936	2.234
2937	2.195
2938	3.108
2939	2.273
2940	1.726
2941	3.027
2942	1.971
2943	1.845
2944	1.845
2945	1.683
2946	1.79
2947	2.326
2948	1.687
2949	1.587
2950	2.21
2951	1.763
2952	1.685
2953	1.692
2954	2.194
2955	2.521
2956	1.797
2957	1.797
2958	2.146
2959	2.523
2960	1.829
2961	2.279
2962	2.148
2963	1.612
2964	2.309
2965	2.23
2966	1.928
2967	1.973
2968	1.626
2969	1.631
2970	1.913
2971	1.944
2972	1.698
2973	2.134
2974	2.039
2975	2.431
2976	1.467
2977	2.105
2978	1.777
2979	2.325
2980	2.301
2981	2.137
2982	2.323
2983	2.348
2984	1.359
2985	1.833
2986	2.392
2987	2.547
2988	2.047
2989	2.403
2990	1.668
2991	2.289
2992	2.835
2993	2.444
2994	1.663
2995	2.307
2996	2.473
2997	1.955
2998	2.028
2999	1.587
3000	2.113
2001	268.5
2002	263.5
2003	265.3
2004	256.3
2005	253.0
2006	262.9
2007	240.1
2008	259.1
2009	279.1
2010	317.2
2011	271.8
2012	260.5
2013	254.7
2014	273.8
2015	222.8
2016	221.3
2017	223.6
2018	251.5
2019	277.1
2020	229.3
2021	242.0
2022	270.1
2023	237.5
2024	278.4
2025	273.7
2026	278.6
2027	268.9
2028	279.1
2029	284.8
2030	248.8
2031	268.3
2032	249.4
2033	246.1
2034	216.8
2035	273.5
2036	273.6
2037	278.9
2038	261.8
2039	244.5
2040	284.1
2041	271.3
2042	289.9
2043	256.7
2044	270.1
2045	211.5
2046	245.5
2047	258.8
2048	247.3
2049	238.5
2050	289.7
2051	279.4
2052	268.6
2053	286.5
2054	245.8
2055	260.8
2056	275.0
2057	293.5
2058	260.2
2059	306.7
2060	236.6
2061	231.2
2062	242.6
2063	261.1
2064	260.0
2065	279.2
2066	315.8
2067	326.0
2068	270.5
2069	274.7
2070	233.2
2071	269.5
2072	334.7
2073	277.1
2074	296.6
2075	307.2
2076	256.6
2077	223.6
2078	222.2
2079	271.9
2080	246.4
2081	247.8
2082	279.5
2083	235.8
2084	325.0
2085	227.9
2086	300.0
2087	244.8
2088	266.0
2089	224.8
2090	341.0
2091	275.8
2092	294.6
2093	279.9
2094	286.1
2095	345.8
2096	334.5
2097	341.3
2098	261.5
2099	260.9
2100	254.4
2101	243.1
2102	304.5
2103	335.9
2104	245.1
2105	297.2
2106	281.5
2107	286.8
2108	264.6
2109	290.7
2110	260.1
2111	267.6
2112	257.6
2113	263.0
2114	250.8
2115	286.4
2116	311.4
2117	290.6
2118	233.8
2119	281.8
2120	211.1
2121	261.2
2122	285.8
2123	294.6
2124	254.5
2125	296.6
2126	266.5
2127	241.2
2128	241.9
2129	290.7
2130	253.2
2131	274.3
2132	298.6
2133	227.8
2134	275.5
2135	234.8
2136	227.0
2137	213.4
2138	236.4
2139	249.8
2140	268.3
2141	258.8
2142	275.9
2143	272.3
2144	277.0
2145	268.0
2146	305.3
2147	253.4
2148	230.8
2149	250.2
2150	270.2
2151	245.5
2152	265.0
2153	272.6
2154	258.6
2155	321.4
2156	273.9
2157	258.2
2158	233.2
2159	245.2
2160	239.2
2161	283.0
2162	281.8
2163	330.9
2164	273.0
2165	299.3
2166	275.9
2167	240.5
2168	264.7
2169	278.3
2170	250.5
2171	232.8
2172	229.3
2173	283.1
2174	264.8
2175	236.4
2176	282.9
2177	332.8
2178	271.2
2179	246.9
2180	284.9
2181	282.7
2182	283.7
2183	253.2
2184	267.4
2185	215.6
2186	252.1
2187	245.0
2188	231.8
2189	250.0
2190	242.6
2191	234.4
2192	299.3
2193	278.4
2194	262.0
2195	237.3
2196	248.9
2197	235.5
2198	253.6
2199	272.2
2200	257.5
2201	253.8
2202	253.6
2203	286.3
2204	293.4
2205	246.4
2206	257.9
2207	239.5
2208	228.9
2209	206.5
2210	245.2
2211	243.4
2212	252.9
2213	312.8
2214	301.0
2215	342.7
2216	289.6
2217	310.8
2218	295.4
2219	248.7
2220	278.4
2221	231.1
2222	276.3
2223	262.8
2224	250.6
2225	273.8
2226	275.7
2227	275.9
2228	295.5
2229	245.3
2230	234.9
2231	308.2
2232	281.7
2233	251.7
2234	268.4
2235	252.9
2236	227.7
2237	311.1
2238	327.1
2239	255.9
2240	266.0
2241	272.6
2242	241.5
2243	222.3
2244	291.0
2245	305.8
2246	256.8
2247	274.8
2248	276.3
2249	294.3
2250	277.1
2251	237.7
2252	236.0
2253	212.9
2254	234.4
2255	244.2
2256	253.1
2257	301.6
2258	250.5
2259	272.0
2260	265.1
2261	253.2
2262	237.5
2263	283.2
2264	265.3
2265	264.7
2266	261.3
2267	280.5
2268	255.3
2269	275.9
2270	268.5
2271	301.5
2272	230.9
2273	267.4
2274	266.5
2275	266.1
2276	247.4
2277	234.0
2278	254.3
2279	264.6
2280	261.8
2281	288.9
2282	238.4
2283	262.0
2284	277.5
2285	255.6
2286	220.2
2287	247.5
2288	266.2
2289	277.7
2290	271.5
2291	279.2
2292	253.3
2293	289.8
2294	277.0
2295	264.7
2296	315.5
2297	293.0
2298	299.0
2299	243.7
2300	248.7
2301	284.6
2302	238.7
2303	257.6
2304	265.1
2305	266.8
2306	268.9
2307	264.8
2308	308.7
2309	292.9
2310	283.6
2311	262.6
2312	257.5
2313	253.6
2314	272.6
2315	245.2
2316	247.3
2317	248.6
2318	240.1
2319	272.5
2320	285.6
2321	312.3
2322	250.0
2323	279.9
2324	270.2
2325	287.7
2326	255.9
2327	264.8
2328	268.5
2329	244.0
2330	255.6
2331	257.2
2332	313.2
2333	269.7
2334	251.9
2335	288.9
2336	270.9
2337	293.1
2338	338.6
2339	256.7
2340	283.9
2341	294.0
2342	240.5
2343	303.3
2344	273.6
2345	274.1
2346	226.0
2347	220.8
2348	316.7
2349	275.5
2350	262.5
2351	219.4
2352	240.9
2353	280.0
2354	302.2
2355	274.8
2356	292.7
2357	264.5
2358	278.3
2359	298.9
2360	247.8
2361	297.7
2362	270.2
2363	237.9
2364	283.2
2365	305.3
2366	251.1
2367	249.4
2368	276.5
2369	261.1
2370	279.6
2371	219.8
2372	274.6
2373	247.5
2374	227.8
2375	228.4
2376	262.0
2377	277.5
2378	286.9
2379	277.2
2380	251.9
2381	265.8
2382	303.1
2383	259.5
2384	247.0
2385	254.2
2386	249.0
2387	308.0
2388	287.5
2389	274.7
2390	228.1
2391	280.0
2392	299.0
2393	277.9
2394	242.1
2395	229.6
2396	295.3
2397	296.4
2398	295.5
2399	313.3
2400	272.0
2401	295.8
2402	309.1
2403	264.6
2404	242.6
2405	235.9
2406	273.5
2407	303.7
2408	300.4
2409	315.8
2410	272.1
2411	262.5
2412	262.4
2413	242.7
2414	219.9
2415	239.9
2416	245.2
2417	254.2
2418	243.8
2419	245.3
2420	242.3
2421	256.1
2422	282.5
2423	293.2
2424	299.1
2425	238.3
2426	230.0
2427	272.7
2428	229.5
2429	291.2
2430	245.6
2431	230.5
2432	222.1
2433	256.4
2434	261.1
2435	249.6
2436	239.1
2437	266.6
2438	282.8
2439	342.8
2440	315.4
2441	271.9
2442	306.6
2443	273.4
2444	275.7
2445	267.5
2446	299.9
2447	257.0
2448	243.3
2449	295.9
2450	297.8
2451	284.2
2452	272.8
2453	261.3
2454	276.1
2455	271.6
2456	243.8
2457	296.4
2458	273.4
2459	272.8
2460	240.3
2461	268.1
2462	263.9
2463	256.2
2464	289.2
2465	247.5
2466	245.9
2467	232.4
2468	248.2
2469	252.6
2470	223.9
2471	288.7
2472	231.4
2473	232.7
2474	248.1
2475	265.8
2476	254.4
2477	250.6
2478	225.1
2479	242.0
2480	235.9
2481	306.5
2482	315.4
2483	244.3
2484	212.7
2485	258.5
2486	237.1
2487	262.8
2488	262.5
2489	258.9
2490	287.9
2491	297.9
2492	276.3
2493	287.0
2494	243.5
2495	265.5
2496	256.7
2497	244.6
2498	255.9
2499	255.0
2500	267.4
2501	268.7
2502	268.0
2503	251.4
2504	280.7
2505	241.5
2506	252.1
2507	276.0
2508	208.5
2509	234.1
2510	313.0
2511	262.2
2512	267.0
2513	252.8
2514	249.7
2515	246.2
2516	229.1
2517	247.4
2518	267.2
2519	278.9
2520	222.6
2521	224.5
2522	249.9
2523	239.0
2524	233.5
2525	266.6
2526	287.8
2527	251.4
2528	258.7
2529	259.5
2530	231.9
2531	249.5
2532	249.6
2533	229.3
2534	269.4
2535	315.9
2536	262.3
2537	258.2
2538	258.6
2539	301.0
2540	271.0
2541	257.7
2542	242.0
2543	241.9
2544	284.4
2545	302.5
2546	303.1
2547	295.3
2548	265.5
2549	281.6
2550	293.0
2551	323.0
2552	232.6
2553	237.2
2554	240.7
2555	302.4
2556	232.7
2557	249.1
2558	219.3
2559	278.7
2560	292.0
2561	241.8
2562	279.3
2563	326.0
2564	258.7
2565	260.6
2566	258.2
2567	277.8
2568	260.2
2569	280.8
2570	249.2
2571	283.9
2572	273.4
2573	236.3
2574	273.5
2575	253.9
2576	291.4
2577	240.2
2578	255.6
2579	297.3
2580	274.5
2581	335.3
2582	279.3
2583	326.8
2584	289.8
2585	274.2
2586	292.0
2587	319.1
2588	259.1
2589	285.3
2590	286.3
2591	257.0
2592	305.2
2593	321.2
2594	383.4
2595	232.7
2596	247.4
2597	232.2
2598	270.6
2599	268.7
2600	261.7
2601	249.1
2602	225.6
2603	229.8
2604	253.6
2605	290.2
2606	231.1
2607	251.2
2608	275.4
2609	232.7
2610	236.0
2611	251.6
2612	242.2
2613	282.6
2614	239.7
2615	248.0
2616	247.5
2617	283.7
2618	277.8
2619	311.3
2620	278.9
2621	248.9
2622	255.1
2623	233.7
2624	245.3
2625	305.3
2626	265.3
2627	246.9
2628	275.1
2629	302.2
2630	264.8
2631	247.3
2632	252.0
2633	315.2
2634	267.1
2635	274.1
2636	281.2
2637	272.7
2638	291.5
2639	287.2
2640	290.6
2641	283.7
2642	214.2
2643	260.1
2644	270.0
2645	267.3
2646	271.9
2647	233.7
2648	231.0
2649	256.6
2650	285.9
2651	270.0
2652	304.5
2653	321.0
2654	230.0
2655	299.9
2656	274.5
2657	261.2
2658	247.6
2659	311.1
2660	264.8
2661	335.7
2662	269.4
2663	298.0
2664	314.3
2665	248.9
2666	244.6
2667	217.4
2668	245.6
2669	223.8
2670	233.8
2671	233.5
2672	230.7
2673	258.1
2674	287.7
2675	258.9
2676	241.0
2677	255.2
2678	238.8
2679	234.8
2680	256.3
2681	237.7
2682	230.1
2683	262.6
2684	257.0
2685	270.7
2686	239.1
2687	226.6
2688	249.4
2689	242.0
2690	242.6
2691	222.7
2692	236.0
2693	253.0
2694	237.1
2695	297.8
2696	275.4
2697	314.5
2698	241.8
2699	301.5
2700	243.9
2701	238.6
2702	273.6
2703	276.7
2704	324.7
2705	287.6
2706	280.7
2707	264.7
2708	263.3
2709	295.3
2710	250.6
2711	242.9
2712	223.1
2713	258.9
2714	291.6
2715	327.1
2716	283.2
2717	249.8
2718	252.5
2719	239.3
2720	256.4
2721	280.8
2722	249.4
2723	274.3
2724	263.7
2725	261.4
2726	325.1
2727	267.6
2728	240.0
2729	265.8
2730	289.3
2731	294.1
2732	275.4
2733	318.3
2734	294.4
2735	275.0
2736	260.9
2737	319.2
2738	247.0
2739	243.4
2740	264.5
2741	296.1
2742	296.4
2743	245.0
2744	249.0
2745	276.3
2746	300.9
2747	285.3
2748	270.6
2749	266.1
2750	281.1
2751	264.0
2752	330.0
2753	274.4
2754	285.5
2755	243.3
2756	297.1
2757	362.3
2758	233.4
2759	278.9
2760	276.2
2761	227.0
2762	278.8
2763	233.8
2764	272.7
2765	242.1
2766	255.9
2767	261.6
2768	273.2
2769	300.3
2770	235.7
2771	238.5
2772	241.5
2773	261.7
2774	265.3
2775	261.5
2776	248.4
2777	315.1
2778	265.5
2779	277.8
2780	252.1
2781	252.9
2782	255.6
2783	266.2
2784	266.5
2785	272.2
2786	259.4
2787	236.7
2788	250.1
2789	255.0
2790	296.6
2791	233.8
2792	289.1
2793	267.8
2794	270.6
2795	314.0
2796	253.4
2797	274.9
2798	320.0
2799	281.7
2800	257.1
2801	250.2
2802	282.3
2803	272.2
2804	303.3
2805	248.8
2806	249.2
2807	295.1
2808	300.3
2809	227.3
2810	245.0
2811	257.3
2812	260.9
2813	254.2
2814	208.9
2815	290.7
2816	293.3
2817	319.3
2818	265.2
2819	243.1
2820	246.4
2821	255.2
2822	269.4
2823	318.2
2824	288.4
2825	241.2
2826	268.6
2827	259.3
2828	290.6
2829	294.1
2830	298.2
2831	268.4
2832	248.9
2833	266.9
2834	272.3
2835	304.4
2836	292.5
2837	282.8
2838	288.5
2839	268.6
2840	219.3
2841	267.0
2842	287.3
2843	291.6
2844	248.7
2845	221.5
2846	253.1
2847	249.1
2848	240.7
2849	315.7
2850	267.0
2851	254.3
2852	290.9
2853	278.7
2854	236.1
2855	246.6
2856	263.5
2857	316.5
2858	252.4
2859	225.7
2860	260.0
2861	264.6
2862	226.0
2863	251.3
2864	306.6
2865	263.2
2866	259.0
2867	253.1
2868	245.7
2869	261.8
2870	277.7
2871	278.8
2872	290.4
2873	266.1
2874	262.2
2875	256.2
2876	244.4
2877	233.9
2878	249.0
2879	250.3
2880	284.7
2881	246.0
2882	266.3
2883	240.2
2884	265.2
2885	252.2
2886	262.6
2887	251.9
2888	260.4
2889	262.5
2890	246.1
2891	264.5
2892	296.4
2893	264.4
2894	289.9
2895	327.1
2896	241.0
2897	238.5
2898	262.7
2899	266.6
2900	240.1
2901	226.9
2902	243.8
2903	243.8
2904	312.9
2905	302.4
2906	288.9
2907	287.8
2908	275.0
2909	242.7
2910	284.5
2911	268.1
2912	261.6
2913	258.8
2914	279.4
2915	316.2
2916	291.2
2917	246.6
2918	275.1
2919	253.0
2920	278.5
2921	250.8
2922	235.0
2923	246.0
2924	269.6
2925	266.9
2926	203.5
2927	253.6
2928	234.1
2929	278.7
2930	315.2
2931	295.8
2932	272.3
2933	245.9
2934	270.6
2935	263.3
2936	230.4
2937	257.6
2938	262.9
2939	249.4
2940	281.0
2941	229.6
2942	279.3
2943	257.5
2944	278.4
2945	335.1
2946	260.4
2947	323.7
2948	334.7
2949	323.1
2950	254.8
2951	287.5
2952	328.0
2953	313.2
2954	262.8
2955	209.7
2956	271.5
2957	275.0
2958	241.3
2959	233.3
2960	299.5
2961	237.1
2962	258.7
2963	314.0
2964	259.6
2965	286.3
2966	280.0
2967	283.6
2968	302.3
2969	295.4
2970	261.2
2971	289.4
2972	253.9
2973	291.6
2974	276.9
2975	289.3
2976	279.8
2977	246.3
2978	244.8
2979	236.8
2980	278.6
2981	231.8
2982	214.0
2983	217.8
2984	276.7
2985	258.0
2986	254.9
2987	245.0
2988	268.5
2989	284.3
2990	247.9
2991	256.2
2992	255.1
2993	255.5
2994	308.3
2995	285.7
2996	236.4
2997	281.3
2998	280.9
2999	289.1
3000	260.2
2001	0.3511
2002	0.4466
2003	0.3704
2004	0.3662
2005	0.3591
2006	0.3289
2007	0.3955
2008	0.4375
2009	0.432
2010	0.3766
2011	0.4075
2012	0.4983
2013	0.4315
2014	0.4467
2015	0.4134
2016	0.4332
2017	0.488
2018	0.4337
2019	0.4616
2020	0.4369
2021	0.3874
2022	0.4038
2023	0.4834
2024	0.4019
2025	0.4019
2026	0.4237
2027	0.339
2028	0.3404
2029	0.3995
2030	0.437
2031	0.4059
2032	0.467
2033	0.4646
2034	0.4187
2035	0.3853
2036	0.3853
2037	0.3522
2038	0.3456
2039	0.4309
2040	0.3915
2041	0.4119
2042	0.4118
2043	0.477
2044	0.3489
2045	0.4646
2046	0.4151
2047	0.5016
2048	0.473
2049	0.4167
2050	0.4009
2051	0.3622
2052	0.3304
2053	0.3355
2054	0.3616
2055	0.4514
2056	0.3968
2057	0.3818
2058	0.4029
2059	0.3632
2060	0.461
2061	0.3939
2062	0.3736
2063	0.4652
2064	0.4523
2065	0.4085
2066	0.3606
2067	0.3941
2068	0.3598
2069	0.4088
2070	0.4146
2071	0.4487
2072	0.3719
2073	0.3959
2074	0.4017
2075	0.3872
2076	0.4273
2077	0.4491
2078	0.4309
2079	0.3845
2080	0.4594
2081	0.4463
2082	0.3756
2083	0.5383
2084	0.5383
2085	0.5455
2086	0.5204
2087	0.4918
2088	0.4185
2089	0.3917
2090	0.3744
2091	0.4347
2092	0.4508
2093	0.3456
2094	0.3557
2095	0.2292
2096	0.3252
2097	0.3164
2098	0.4766
2099	0.5076
2100	0.4029
2101	0.4352
2102	0.3382
2103	0.3934
2104	0.3937
2105	0.3486
2106	0.305
2107	0.3455
2108	0.3513
2109	0.3721
2110	0.4379
2111	0.4339
2112	0.4197
2113	0.4384
2114	0.3689
2115	0.3639
2116	0.319
2117	0.3374
2118	0.3245
2119	0.2965
2120	0.4637
2121	0.4529
2122	0.3594
2123	0.3461
2124	0.3038
2125	0.4235
2126	0.49
2127	0.4136
2128	0.4606
2129	0.3389
2130	0.3433
2131	0.3774
2132	0.3367
2133	0.388
2134	0.388
2135	0.331
2136	0.3212
2137	0.3146
2138	0.399
2139	0.3549
2140	0.3014
2141	0.3559
2142	0.3902
2143	0.4443
2144	0.4861
2145	0.4311
2146	0.3819
2147	0.3549
2148	0.409
2149	0.3745
2150	0.3087
2151	0.4932
2152	0.3386
2153	0.3683
2154	0.3831
2155	0.3831
2156	0.3067
2157	0.3067
2158	0.4423
2159	0.3784
2160	0.4516
2161	0.3848
2162	0.3648
2163	0.3263
2164	0.484
2165	0.3681
2166	0.3033
2167	0.3989
2168	0.4351
2169	0.3606
2170	0.4012
2171	0.4297
2172	0.4115
2173	0.4115
2174	0.4473
2175	0.4498
2176	0.3395
2177	0.3386
2178	0.3518
2179	0.3744
2180	0.3048
2181	0.3623
2182	0.3711
2183	0.3415
2184	0.2998
2185	0.4018
2186	0.4279
2187	0.3439
2188	0.3354
2189	0.366
2190	0.3553
2191	0.4564
2192	0.4472
2193	0.4698
2194	0.4109
2195	0.3844
2196	0.3844
2197	0.3938
2198	0.3865
2199	0.4337
2200	0.3997
2201	0.3714
2202	0.392
2203	0.348
2204	0.3546
2205	0.4183
2206	0.3191
2207	0.3311
2208	0.39
2209	0.4471
2210	0.4063
2211	0.4368
2212	0.4554
2213	0.3752
2214	0.3589
2215	0.302
2216	0.2961
2217	0.3415
2218	0.3881
2219	0.3746
2220	0.3335
2221	0.4628
2222	0.3804
2223	0.3766
2224	0.3756
2225	0.3816
2226	0.4799
2227	0.3888
2228	0.3719
2229	0.4523
2230	0.4167
2231	0.3515
2232	0.3645
2233	0.3721
2234	0.2975
2235	0.3745
2236	0.421
2237	0.2951
2238	0.3168
2239	0.4586
2240	0.4137
2241	0.4137
2242	0.4561
2243	0.4409
2244	0.3085
2245	0.3653
2246	0.3397
2247	0.3114
2248	0.3531
2249	0.407
2250	0.4253
2251	0.3406
2252	0.3751
2253	0.4261
2254	0.4211
2255	0.3759
2256	0.3648
2257	0.3297
2258	0.4473
2259	0.3475
2260	0.3475
2261	0.4223
2262	0.458
2263	0.3167
2264	0.3221
2265	0.3842
2266	0.4297
2267	0.3829
2268	0.3447
2269	0.3264
2270	0.3606
2271	0.4278
2272	0.422
2273	0.3876
2274	0.4577
2275	0.4699
2276	0.4476
2277	0.405
2278	0.4495
2279	0.4297
2280	0.3383
2281	0.3384
2282	0.3772
2283	0.4628
2284	0.4095
2285	0.3339
2286	0.4294
2287	0.4161
2288	0.3833
2289	0.3574
2290	0.4413
2291	0.4043
2292	0.4189
2293	0.4604
2294	0.361
2295	0.4271
2296	0.3255
2297	0.4063
2298	0.3291
2299	0.3464
2300	0.3555
2301	0.3456
2302	0.4758
2303	0.3261
2304	0.4156
2305	0.4068
2306	0.3799
2307	0.3513
2308	0.3922
2309	0.418
2310	0.3952
2311	0.4006
2312	0.4893
2313	0.4454
2314	0.3622
2315	0.4604
2316	0.4559
2317	0.3982
2318	0.3781
2319	0.4387
2320	0.3697
2321	0.4063
2322	0.4025
2323	0.4803
2324	0.4528
2325	0.392
2326	0.4392
2327	0.394
2328	0.3737
2329	0.4768
2330	0.4494
2331	0.4614
2332	0.3173
2333	0.379
2334	0.3845
2335	0.3989
2336	0.3928
2337	0.3815
2338	0.2637
2339	0.436
2340	0.4813
2341	0.4371
2342	0.5211
2343	0.495
2344	0.453
2345	0.4025
2346	0.4335
2347	0.4095
2348	0.3533
2349	0.4083
2350	0.4882
2351	0.4225
2352	0.3884
2353	0.3786
2354	0.4001
2355	0.366
2356	0.3733
2357	0.3425
2358	0.3088
2359	0.3726
2360	0.399
2361	0.3101
2362	0.3859
2363	0.3558
2364	0.3284
2365	0.3012
2366	0.4718
2367	0.4339
2368	0.492
2369	0.5123
2370	0.4638
2371	0.4219
2372	0.4087
2373	0.3376
2374	0.4811
2375	0.354
2376	0.4647
2377	0.3786
2378	0.3979
2379	0.3374
2380	0.3597
2381	0.413
2382	0.3059
2383	0.419
2384	0.3521
2385	0.3632
2386	0.3322
2387	0.2848
2388	0.275
2389	0.3396
2390	0.4439
2391	0.4141
2392	0.4011
2393	0.4808
2394	0.4496
2395	0.4761
2396	0.3473
2397	0.3345
2398	0.2959
2399	0.4668
2400	0.3885
2401	0.4482
2402	0.334
2403	0.4473
2404	0.4277
2405	0.4277
2406	0.3913
2407	0.3194
2408	0.3351
2409	0.3761
2410	0.3798
2411	0.4076
2412	0.4475
2413	0.444
2414	0.4899
2415	0.4037
2416	0.4154
2417	0.3347
2418	0.384
2419	0.3645
2420	0.38
2421	0.3437
2422	0.2888
2423	0.3071
2424	0.3174
2425	0.4343
2426	0.3543
2427	0.357
2428	0.3369
2429	0.316
2430	0.5352
2431	0.4354
2432	0.4143
2433	0.3607
2434	0.4767
2435	0.425
2436	0.4346
2437	0.3995
2438	0.3668
2439	0.2402
2440	0.3647
2441	0.3896
2442	0.3376
2443	0.3447
2444	0.3608
2445	0.3811
2446	0.3619
2447	0.4489
2448	0.4729
2449	0.3149
2450	0.296
2451	0.3603
2452	0.4247
2453	0.4111
2454	0.3755
2455	0.3858
2456	0.3278
2457	0.3352
2458	0.3847
2459	0.4322
2460	0.4839
2461	0.4036
2462	0.4233
2463	0.4508
2464	0.3486
2465	0.4333
2466	0.3712
2467	0.4385
2468	0.369
2469	0.3966
2470	0.457
2471	0.3585
2472	0.433
2473	0.4616
2474	0.5086
2475	0.3294
2476	0.3699
2477	0.4505
2478	0.4176
2479	0.4172
2480	0.4062
2481	0.318
2482	0.2929
2483	0.4184
2484	0.5
2485	0.4214
2486	0.3886
2487	0.4228
2488	0.4124
2489	0.3834
2490	0.3641
2491	0.4016
2492	0.4303
2493	0.4693
2494	0.4302
2495	0.383
2496	0.4404
2497	0.4404
2498	0.3958
2499	0.3886
2500	0.376
2501	0.3793
2502	0.3942
2503	0.4491
2504	0.4146
2505	0.3989
2506	0.3425
2507	0.3425
2508	0.4076
2509	0.3744
2510	0.3864
2511	0.4132
2512	0.3927
2513	0.3927
2514	0.3843
2515	0.43
2516	0.4858
2517	0.4075
2518	0.5142
2519	0.4077
2520	0.3668
2521	0.4556
2522	0.44
2523	0.443
2524	0.427
2525	0.423
2526	0.4027
2527	0.4027
2528	0.383
2529	0.4103
2530	0.4348
2531	0.393
2532	0.4177
2533	0.4258
2534	0.394
2535	0.3311
2536	0.3575
2537	0.4053
2538	0.3467
2539	0.3467
2540	0.3917
2541	0.4352
2542	0.4075
2543	0.4199
2544	0.3974
2545	0.4007
2546	0.3807
2547	0.3744
2548	0.5233
2549	0.3956
2550	0.4079
2551	0.3428
2552	0.4264
2553	0.4663
2554	0.4032
2555	0.3594
2556	0.4314
2557	0.4314
2558	0.3225
2559	0.2727
2560	0.4478
2561	0.4602
2562	0.3832
2563	0.2963
2564	0.4654
2565	0.4733
2566	0.371
2567	0.4657
2568	0.4545
2569	0.4383
2570	0.4745
2571	0.3852
2572	0.4363
2573	0.4021
2574	0.3601
2575	0.3233
2576	0.2757
2577	0.3855
2578	0.4679
2579	0.3425
2580	0.3425
2581	0.3795
2582	0.4412
2583	0.3454
2584	0.3373
2585	0.4325
2586	0.3964
2587	0.3992
2588	0.303
2589	0.3856
2590	0.4153
2591	0.4112
2592	0.4271
2593	0.3777
2594	0.389
2595	0.3583
2596	0.3909
2597	0.3696
2598	0.3377
2599	0.3714
2600	0.3799
2601	0.333
2602	0.5059
2603	0.4611
2604	0.3779
2605	0.335
2606	0.5076
2607	0.3492
2608	0.3625
2609	0.4638
2610	0.3784
2611	0.4035
2612	0.3649
2613	0.4345
2614	0.5022
2615	0.4935
2616	0.4032
2617	0.3526
2618	0.3668
2619	0.3919
2620	0.364
2621	0.416
2622	0.434
2623	0.4276
2624	0.4041
2625	0.3536
2626	0.3387
2627	0.4286
2628	0.3812
2629	0.3812
2630	0.376
2631	0.4584
2632	0.4687
2633	0.3682
2634	0.3639
2635	0.3559
2636	0.3344
2637	0.336
2638	0.3125
2639	0.3742
2640	0.4062
2641	0.4717
2642	0.3941
2643	0.3457
2644	0.4213
2645	0.392
2646	0.3164
2647	0.3936
2648	0.4083
2649	0.3493
2650	0.3604
2651	0.3989
2652	0.3871
2653	0.3738
2654	0.4885
2655	0.3555
2656	0.423
2657	0.4719
2658	0.4634
2659	0.3476
2660	0.5413
2661	0.3975
2662	0.3395
2663	0.3366
2664	0.3488
2665	0.4264
2666	0.4369
2667	0.4231
2668	0.4457
2669	0.3684
2670	0.4707
2671	0.4187
2672	0.4198
2673	0.4453
2674	0.3723
2675	0.3803
2676	0.3702
2677	0.386
2678	0.4219
2679	0.4168
2680	0.4198
2681	0.4127
2682	0.4954
2683	0.4059
2684	0.3221
2685	0.3397
2686	0.3967
2687	0.4188
2688	0.4841
2689	0.3682
2690	0.4204
2691	0.4065
2692	0.361
2693	0.3925
2694	0.3751
2695	0.2523
2696	0.3781
2697	0.3705
2698	0.4535
2699	0.3947
2700	0.3467
2701	0.422
2702	0.3186
2703	0.3966
2704	0.4254
2705	0.3944
2706	0.3832
2707	0.4121
2708	0.4039
2709	0.331
2710	0.4425
2711	0.3759
2712	0.4493
2713	0.4407
2714	0.377
2715	0.3829
2716	0.3537
2717	0.334
2718	0.4315
2719	0.4215
2720	0.4215
2721	0.4205
2722	0.4431
2723	0.4108
2724	0.3803
2725	0.3571
2726	0.3645
2727	0.3509
2728	0.3058
2729	0.3492
2730	0.3122
2731	0.3569
2732	0.387
2733	0.3547
2734	0.3943
2735	0.3648
2736	0.4498
2737	0.3885
2738	0.4024
2739	0.3994
2740	0.3064
2741	0.3966
2742	0.3409
2743	0.3903
2744	0.3749
2745	0.4342
2746	0.3938
2747	0.4019
2748	0.3128
2749	0.3871
2750	0.3099
2751	0.3479
2752	0.3351
2753	0.3638
2754	0.3777
2755	0.3265
2756	0.3005
2757	0.2926
2758	0.4503
2759	0.3696
2760	0.3191
2761	0.3397
2762	0.4381
2763	0.4215
2764	0.35
2765	0.4085
2766	0.434
2767	0.4211
2768	0.3048
2769	0.2933
2770	0.3755
2771	0.3889
2772	0.3946
2773	0.2785
2774	0.3294
2775	0.3661
2776	0.4747
2777	0.3618
2778	0.3952
2779	0.3899
2780	0.4651
2781	0.4112
2782	0.4453
2783	0.4694
2784	0.3623
2785	0.3746
2786	0.3991
2787	0.4084
2788	0.3869
2789	0.4348
2790	0.3676
2791	0.372
2792	0.3461
2793	0.3831
2794	0.3482
2795	0.3295
2796	0.4453
2797	0.4966
2798	0.492
2799	0.492
2800	0.492
2801	0.5165
2802	0.2488
2803	0.4419
2804	0.4513
2805	0.4771
2806	0.303
2807	0.3692
2808	0.3755
2809	0.4403
2810	0.3818
2811	0.437
2812	0.3445
2813	0.4748
2814	0.5302
2815	0.4347
2816	0.4119
2817	0.3316
2818	0.3891
2819	0.4409
2820	0.4104
2821	0.3719
2822	0.3719
2823	0.3719
2824	0.3824
2825	0.452
2826	0.4413
2827	0.4464
2828	0.3629
2829	0.4217
2830	0.3621
2831	0.3652
2832	0.4664
2833	0.4293
2834	0.3312
2835	0.333
2836	0.3471
2837	0.3247
2838	0.3869
2839	0.3754
2840	0.4708
2841	0.4468
2842	0.3792
2843	0.3407
2844	0.4055
2845	0.4568
2846	0.4566
2847	0.4755
2848	0.4302
2849	0.39
2850	0.412
2851	0.4351
2852	0.3625
2853	0.3708
2854	0.3837
2855	0.3888
2856	0.324
2857	0.2658
2858	0.372
2859	0.4072
2860	0.4392
2861	0.4086
2862	0.3964
2863	0.36
2864	0.4503
2865	0.3872
2866	0.3484
2867	0.3071
2868	0.4053
2869	0.3321
2870	0.3698
2871	0.4506
2872	0.4515
2873	0.3545
2874	0.4078
2875	0.4859
2876	0.4667
2877	0.3839
2878	0.387
2879	0.4385
2880	0.4038
2881	0.4429
2882	0.3808
2883	0.4392
2884	0.4392
2885	0.3381
2886	0.3326
2887	0.4031
2888	0.4031
2889	0.3403
2890	0.331
2891	0.3609
2892	0.3609
2893	0.3969
2894	0.3297
2895	0.3508
2896	0.3403
2897	0.3797
2898	0.3387
2899	0.3691
2900	0.4116
2901	0.4157
2902	0.3573
2903	0.3694
2904	0.3658
2905	0.4544
2906	0.386
2907	0.4068
2908	0.4335
2909	0.3682
2910	0.4008
2911	0.3101
2912	0.3741
2913	0.4199
2914	0.332
2915	0.3161
2916	0.3487
2917	0.3536
2918	0.3909
2919	0.4073
2920	0.3404
2921	0.3639
2922	0.4144
2923	0.4429
2924	0.4141
2925	0.3967
2926	0.4368
2927	0.4326
2928	0.4248
2929	0.4248
2930	0.4264
2931	0.392
2932	0.3638
2933	0.4237
2934	0.4369
2935	0.4498
2936	0.4518
2937	0.3771
2938	0.3437
2939	0.3387
2940	0.4082
2941	0.3668
2942	0.3243
2943	0.3825
2944	0.3482
2945	0.309
2946	0.4123
2947	0.321
2948	0.3145
2949	0.4068
2950	0.3884
2951	0.2993
2952	0.3059
2953	0.3762
2954	0.3472
2955	0.3637
2956	0.4319
2957	0.4116
2958	0.4457
2959	0.366
2960	0.3261
2961	0.4245
2962	0.3741
2963	0.3485
2964	0.3485
2965	0.2925
2966	0.3991
2967	0.3682
2968	0.3581
2969	0.3858
2970	0.4063
2971	0.3479
2972	0.3867
2973	0.3515
2974	0.3817
2975	0.3416
2976	0.4645
2977	0.4536
2978	0.465
2979	0.3549
2980	0.2833
2981	0.3983
2982	0.4374
2983	0.4577
2984	0.4353
2985	0.4353
2986	0.3269
2987	0.3969
2988	0.3534
2989	0.3305
2990	0.4563
2991	0.3819
2992	0.2656
2993	0.3505
2994	0.3734
2995	0.3734
2996	0.4453
2997	0.351
2998	0.3928
2999	0.3452
3000	0.382
2001	122.0
2002	120.0
2003	123.0
2004	118.0
2005	118.0
2006	123.0
2007	115.0
2008	121.0
2009	124.0
2010	132.0
2011	123.0
2012	118.0
2013	119.0
2014	122.0
2015	112.0
2016	111.0
2017	112.0
2018	118.0
2019	122.0
2020	113.0
2021	115.0
2022	122.0
2023	114.0
2024	127.0
2025	125.0
2026	126.0
2027	123.0
2028	129.0
2029	127.0
2030	117.0
2031	121.0
2032	117.0
2033	118.0
2034	112.0
2035	125.0
2036	123.0
2037	122.0
2038	120.0
2039	116.0
2040	124.0
2041	122.0
2042	124.0
2043	119.0
2044	124.0
2045	110.0
2046	117.0
2047	120.0
2048	117.0
2049	116.0
2050	130.0
2051	124.0
2052	121.0
2053	124.0
2054	117.0
2055	120.0
2056	122.0
2057	128.0
2058	119.0
2059	130.0
2060	114.0
2061	113.0
2062	116.0
2063	120.0
2064	119.0
2065	123.0
2066	135.0
2067	136.0
2068	121.0
2069	122.0
2070	114.0
2071	121.0
2072	139.0
2073	124.0
2074	127.0
2075	130.0
2076	119.0
2077	113.0
2078	112.0
2079	123.0
2080	116.0
2081	118.0
2082	122.0
2083	113.0
2084	130.0
2085	112.0
2086	127.0
2087	116.0
2088	122.0
2089	114.0
2090	143.0
2091	122.0
2092	127.0
2093	127.0
2094	124.0
2095	145.0
2096	141.0
2097	140.0
2098	120.0
2099	119.0
2100	118.0
2101	117.0
2102	129.0
2103	136.0
2104	117.0
2105	131.0
2106	125.0
2107	131.0
2108	122.0
2109	128.0
2110	121.0
2111	124.0
2112	120.0
2113	121.0
2114	117.0
2115	129.0
2116	134.0
2117	130.0
2118	114.0
2119	125.0
2120	110.0
2121	119.0
2122	125.0
2123	129.0
2124	118.0
2125	130.0
2126	117.0
2127	116.0
2128	115.0
2129	126.0
2130	119.0
2131	123.0
2132	134.0
2133	114.0
2134	123.0
2135	114.0
2136	112.0
2137	110.0
2138	115.0
2139	120.0
2140	122.0
2141	121.0
2142	126.0
2143	122.0
2144	126.0
2145	126.0
2146	130.0
2147	118.0
2148	113.0
2149	117.0
2150	124.0
2151	117.0
2152	122.0
2153	125.0
2154	120.0
2155	135.0
2156	125.0
2157	121.0
2158	114.0
2159	118.0
2160	115.0
2161	126.0
2162	126.0
2163	141.0
2164	124.0
2165	129.0
2166	126.0
2167	115.0
2168	121.0
2169	124.0
2170	118.0
2171	114.0
2172	114.0
2173	124.0
2174	120.0
2175	116.0
2176	123.0
2177	140.0
2178	122.0
2179	117.0
2180	126.0
2181	125.0
2182	125.0
2183	119.0
2184	123.0
2185	111.0
2186	120.0
2187	118.0
2188	114.0
2189	118.0
2190	116.0
2191	114.0
2192	130.0
2193	122.0
2194	120.0
2195	114.0
2196	117.0
2197	115.0
2198	118.0
2199	124.0
2200	118.0
2201	117.0
2202	118.0
2203	126.0
2204	127.0
2205	118.0
2206	120.0
2207	116.0
2208	114.0
2209	109.0
2210	116.0
2211	116.0
2212	118.0
2213	132.0
2214	133.0
2215	141.0
2216	129.0
2217	132.0
2218	127.0
2219	118.0
2220	126.0
2221	114.0
2222	126.0
2223	121.0
2224	119.0
2225	125.0
2226	123.0
2227	125.0
2228	127.0
2229	117.0
2230	115.0
2231	132.0
2232	122.0
2233	116.0
2234	122.0
2235	121.0
2236	114.0
2237	135.0
2238	139.0
2239	118.0
2240	119.0
2241	122.0
2242	116.0
2243	112.0
2244	126.0
2245	132.0
2246	120.0
2247	123.0
2248	126.0
2249	130.0
2250	124.0
2251	116.0
2252	113.0
2253	110.0
2254	115.0
2255	118.0
2256	121.0
2257	129.0
2258	117.0
2259	124.0
2260	122.0
2261	119.0
2262	114.0
2263	124.0
2264	121.0
2265	123.0
2266	122.0
2267	124.0
2268	119.0
2269	126.0
2270	124.0
2271	128.0
2272	114.0
2273	121.0
2274	120.0
2275	120.0
2276	117.0
2277	114.0
2278	118.0
2279	122.0
2280	118.0
2281	126.0
2282	117.0
2283	119.0
2284	125.0
2285	118.0
2286	112.0
2287	117.0
2288	120.0
2289	123.0
2290	124.0
2291	124.0
2292	119.0
2293	126.0
2294	125.0
2295	120.0
2296	130.0
2297	129.0
2298	127.0
2299	115.0
2300	118.0
2301	128.0
2302	115.0
2303	118.0
2304	119.0
2305	124.0
2306	122.0
2307	119.0
2308	131.0
2309	128.0
2310	126.0
2311	121.0
2312	118.0
2313	118.0
2314	122.0
2315	116.0
2316	118.0
2317	118.0
2318	115.0
2319	121.0
2320	126.0
2321	134.0
2322	119.0
2323	122.0
2324	122.0
2325	126.0
2326	121.0
2327	120.0
2328	120.0
2329	116.0
2330	118.0
2331	119.0
2332	132.0
2333	124.0
2334	120.0
2335	128.0
2336	123.0
2337	128.0
2338	142.0
2339	121.0
2340	124.0
2341	125.0
2342	114.0
2343	130.0
2344	122.0
2345	126.0
2346	113.0
2347	111.0
2348	134.0
2349	124.0
2350	120.0
2351	111.0
2352	116.0
2353	128.0
2354	130.0
2355	124.0
2356	131.0
2357	124.0
2358	126.0
2359	129.0
2360	117.0
2361	131.0
2362	122.0
2363	114.0
2364	125.0
2365	130.0
2366	117.0
2367	117.0
2368	122.0
2369	120.0
2370	125.0
2371	111.0
2372	124.0
2373	116.0
2374	112.0
2375	113.0
2376	120.0
2377	124.0
2378	124.0
2379	126.0
2380	120.0
2381	120.0
2382	129.0
2383	119.0
2384	118.0
2385	119.0
2386	117.0
2387	131.0
2388	123.0
2389	122.0
2390	114.0
2391	126.0
2392	129.0
2393	124.0
2394	116.0
2395	113.0
2396	129.0
2397	124.0
2398	127.0
2399	132.0
2400	124.0
2401	130.0
2402	130.0
2403	121.0
2404	116.0
2405	115.0
2406	123.0
2407	132.0
2408	131.0
2409	136.0
2410	121.0
2411	120.0
2412	120.0
2413	115.0
2414	112.0
2415	116.0
2416	116.0
2417	120.0
2418	116.0
2419	117.0
2420	116.0
2421	122.0
2422	123.0
2423	127.0
2424	130.0
2425	115.0
2426	113.0
2427	123.0
2428	113.0
2429	131.0
2430	116.0
2431	113.0
2432	112.0
2433	120.0
2434	120.0
2435	118.0
2436	114.0
2437	122.0
2438	126.0
2439	140.0
2440	137.0
2441	126.0
2442	132.0
2443	124.0
2444	127.0
2445	122.0
2446	130.0
2447	120.0
2448	116.0
2449	128.0
2450	129.0
2451	126.0
2452	123.0
2453	119.0
2454	123.0
2455	123.0
2456	118.0
2457	129.0
2458	122.0
2459	122.0
2460	115.0
2461	121.0
2462	121.0
2463	119.0
2464	129.0
2465	117.0
2466	116.0
2467	114.0
2468	117.0
2469	119.0
2470	113.0
2471	127.0
2472	113.0
2473	113.0
2474	117.0
2475	121.0
2476	119.0
2477	118.0
2478	112.0
2479	116.0
2480	114.0
2481	129.0
2482	136.0
2483	117.0
2484	110.0
2485	118.0
2486	116.0
2487	120.0
2488	121.0
2489	120.0
2490	128.0
2491	131.0
2492	126.0
2493	125.0
2494	118.0
2495	121.0
2496	118.0
2497	116.0
2498	119.0
2499	117.0
2500	122.0
2501	126.0
2502	123.0
2503	121.0
2504	123.0
2505	115.0
2506	117.0
2507	122.0
2508	110.0
2509	113.0
2510	133.0
2511	119.0
2512	122.0
2513	119.0
2514	117.0
2515	117.0
2516	114.0
2517	117.0
2518	121.0
2519	124.0
2520	112.0
2521	112.0
2522	117.0
2523	115.0
2524	114.0
2525	120.0
2526	128.0
2527	118.0
2528	120.0
2529	120.0
2530	114.0
2531	120.0
2532	117.0
2533	112.0
2534	120.0
2535	135.0
2536	120.0
2537	119.0
2538	119.0
2539	133.0
2540	125.0
2541	121.0
2542	116.0
2543	115.0
2544	128.0
2545	128.0
2546	130.0
2547	127.0
2548	120.0
2549	128.0
2550	127.0
2551	133.0
2552	115.0
2553	116.0
2554	117.0
2555	130.0
2556	115.0
2557	117.0
2558	111.0
2559	122.0
2560	126.0
2561	116.0
2562	123.0
2563	136.0
2564	120.0
2565	118.0
2566	118.0
2567	124.0
2568	122.0
2569	124.0
2570	117.0
2571	125.0
2572	123.0
2573	114.0
2574	123.0
2575	119.0
2576	129.0
2577	116.0
2578	119.0
2579	132.0
2580	127.0
2581	141.0
2582	128.0
2583	143.0
2584	129.0
2585	124.0
2586	129.0
2587	136.0
2588	121.0
2589	125.0
2590	125.0
2591	120.0
2592	134.0
2593	134.0
2594	151.0
2595	113.0
2596	116.0
2597	113.0
2598	121.0
2599	121.0
2600	119.0
2601	116.0
2602	112.0
2603	114.0
2604	117.0
2605	127.0
2606	113.0
2607	119.0
2608	122.0
2609	116.0
2610	115.0
2611	118.0
2612	116.0
2613	124.0
2614	115.0
2615	116.0
2616	117.0
2617	126.0
2618	124.0
2619	132.0
2620	123.0
2621	119.0
2622	119.0
2623	115.0
2624	116.0
2625	131.0
2626	120.0
2627	116.0
2628	125.0
2629	129.0
2630	122.0
2631	117.0
2632	117.0
2633	134.0
2634	121.0
2635	123.0
2636	125.0
2637	124.0
2638	126.0
2639	128.0
2640	126.0
2641	126.0
2642	110.0
2643	120.0
2644	125.0
2645	123.0
2646	123.0
2647	114.0
2648	114.0
2649	123.0
2650	126.0
2651	122.0
2652	130.0
2653	134.0
2654	113.0
2655	129.0
2656	121.0
2657	119.0
2658	118.0
2659	133.0
2660	118.0
2661	136.0
2662	124.0
2663	132.0
2664	132.0
2665	117.0
2666	117.0
2667	111.0
2668	114.0
2669	112.0
2670	113.0
2671	113.0
2672	115.0
2673	120.0
2674	128.0
2675	121.0
2676	114.0
2677	118.0
2678	116.0
2679	115.0
2680	118.0
2681	115.0
2682	113.0
2683	120.0
2684	119.0
2685	123.0
2686	117.0
2687	113.0
2688	117.0
2689	116.0
2690	116.0
2691	112.0
2692	115.0
2693	118.0
2694	115.0
2695	129.0
2696	125.0
2697	131.0
2698	117.0
2699	129.0
2700	115.0
2701	116.0
2702	123.0
2703	124.0
2704	137.0
2705	126.0
2706	126.0
2707	122.0
2708	120.0
2709	127.0
2710	118.0
2711	116.0
2712	112.0
2713	119.0
2714	126.0
2715	136.0
2716	126.0
2717	116.0
2718	118.0
2719	115.0
2720	117.0
2721	126.0
2722	117.0
2723	122.0
2724	121.0
2725	122.0
2726	136.0
2727	121.0
2728	115.0
2729	122.0
2730	126.0
2731	129.0
2732	127.0
2733	137.0
2734	127.0
2735	122.0
2736	120.0
2737	137.0
2738	118.0
2739	116.0
2740	120.0
2741	127.0
2742	128.0
2743	117.0
2744	118.0
2745	123.0
2746	129.0
2747	126.0
2748	121.0
2749	121.0
2750	124.0
2751	121.0
2752	138.0
2753	123.0
2754	124.0
2755	116.0
2756	127.0
2757	147.0
2758	116.0
2759	127.0
2760	123.0
2761	113.0
2762	122.0
2763	115.0
2764	123.0
2765	116.0
2766	118.0
2767	122.0
2768	123.0
2769	131.0
2770	115.0
2771	115.0
2772	118.0
2773	120.0
2774	121.0
2775	120.0
2776	117.0
2777	132.0
2778	121.0
2779	123.0
2780	116.0
2781	118.0
2782	119.0
2783	119.0
2784	120.0
2785	125.0
2786	120.0
2787	115.0
2788	118.0
2789	118.0
2790	128.0
2791	114.0
2792	126.0
2793	121.0
2794	123.0
2795	133.0
2796	118.0
2797	121.0
2798	131.0
2799	122.0
2800	118.0
2801	116.0
2802	125.0
2803	124.0
2804	129.0
2805	117.0
2806	118.0
2807	127.0
2808	128.0
2809	113.0
2810	116.0
2811	119.0
2812	119.0
2813	118.0
2814	109.0
2815	129.0
2816	130.0
2817	137.0
2818	118.0
2819	116.0
2820	114.0
2821	120.0
2822	123.0
2823	138.0
2824	128.0
2825	115.0
2826	122.0
2827	120.0
2828	127.0
2829	130.0
2830	130.0
2831	124.0
2832	117.0
2833	121.0
2834	121.0
2835	132.0
2836	128.0
2837	125.0
2838	129.0
2839	122.0
2840	112.0
2841	120.0
2842	126.0
2843	130.0
2844	119.0
2845	112.0
2846	117.0
2847	117.0
2848	116.0
2849	131.0
2850	122.0
2851	119.0
2852	126.0
2853	123.0
2854	115.0
2855	117.0
2856	119.0
2857	134.0
2858	116.0
2859	113.0
2860	119.0
2861	121.0
2862	112.0
2863	117.0
2864	130.0
2865	120.0
2866	120.0
2867	119.0
2868	116.0
2869	120.0
2870	124.0
2871	124.0
2872	125.0
2873	121.0
2874	119.0
2875	118.0
2876	115.0
2877	115.0
2878	117.0
2879	119.0
2880	125.0
2881	116.0
2882	121.0
2883	115.0
2884	121.0
2885	118.0
2886	119.0
2887	119.0
2888	120.0
2889	121.0
2890	118.0
2891	122.0
2892	130.0
2893	123.0
2894	126.0
2895	139.0
2896	115.0
2897	115.0
2898	119.0
2899	120.0
2900	115.0
2901	115.0
2902	115.0
2903	115.0
2904	136.0
2905	131.0
2906	127.0
2907	124.0
2908	123.0
2909	116.0
2910	123.0
2911	122.0
2912	120.0
2913	122.0
2914	124.0
2915	134.0
2916	126.0
2917	118.0
2918	123.0
2919	118.0
2920	125.0
2921	117.0
2922	115.0
2923	119.0
2924	124.0
2925	117.0
2926	108.0
2927	119.0
2928	114.0
2929	123.0
2930	135.0
2931	128.0
2932	123.0
2933	117.0
2934	124.0
2935	120.0
2936	113.0
2937	120.0
2938	118.0
2939	119.0
2940	124.0
2941	113.0
2942	127.0
2943	121.0
2944	126.0
2945	144.0
2946	122.0
2947	133.0
2948	138.0
2949	135.0
2950	119.0
2951	126.0
2952	140.0
2953	134.0
2954	121.0
2955	109.0
2956	122.0
2957	122.0
2958	116.0
2959	115.0
2960	129.0
2961	115.0
2962	120.0
2963	136.0
2964	121.0
2965	125.0
2966	123.0
2967	127.0
2968	129.0
2969	129.0
2970	120.0
2971	129.0
2972	117.0
2973	128.0
2974	122.0
2975	128.0
2976	123.0
2977	117.0
2978	117.0
2979	115.0
2980	122.0
2981	113.0
2982	111.0
2983	111.0
2984	123.0
2985	121.0
2986	118.0
2987	117.0
2988	122.0
2989	125.0
2990	118.0
2991	118.0
2992	118.0
2993	119.0
2994	133.0
2995	124.0
2996	115.0
2997	127.0
2998	126.0
2999	125.0
3000	121.0
